RES|eps=1e-9|zero=1e-9|nobackstop=true
RES|block|FACE|true|1.5,0.25,1.0|0.0,0.0,1.0|0.0,2.5,1.0;0.0,-2.0,1.0;3.0,-2.0,1.0;3.0,2.5,1.0
RES|block|FACE|true|1.5,0.25,0.0|0.0,0.0,-1.0|0.0,-2.0,0.0;0.0,2.5,0.0;3.0,2.5,0.0;3.0,-2.0,0.0
RES|block|FACE|true|1.5,-2.0,0.5|0.0,-1.0,0.0|3.0,-2.0,1.0;0.0,-2.0,1.0;0.0,-2.0,0.0;3.0,-2.0,0.0
RES|block|FACE|true|3.0,0.25,0.5|1.0,0.0,0.0|3.0,2.5,1.0;3.0,-2.0,1.0;3.0,-2.0,0.0;3.0,2.5,0.0
RES|block|FACE|true|1.5,2.5,0.5|0.0,1.0,0.0|0.0,2.5,1.0;3.0,2.5,1.0;3.0,2.5,0.0;0.0,2.5,0.0
RES|block|FACE|true|0.0,0.25,0.5|-1.0,0.0,0.0|0.0,-2.0,1.0;0.0,2.5,1.0;0.0,2.5,0.0;0.0,-2.0,0.0
RES|standing|1.2|tool|FACE|true|1.4980973490458727,0.2435778713738291,2.0000000000522933|0.0,-1.199996217531847e-9,1.0|1.4961946980917455,0.2871557427476582,2.0000000001045866;0.5,0.2,2.0;1.5,0.2,2.0;2.4961946980917453,0.2871557427476582,2.0000000001045866
RES|standing|1.2|tool|FACE|true|1.4980973490458727,0.24357787137382908,1.0000000000522933|0.0,1.1999987652079716e-9,-1.0|0.5,0.2,1.0;1.4961946980917455,0.2871557427476582,1.0000000001045868;2.4961946980917453,0.2871557427476582,1.0000000001045868;1.5,0.2,1.0
RES|standing|1.2|tool|FACE|true|1.0,0.2,1.5|0.0,-1.0,0.0|1.5,0.2,2.0;0.5,0.2,2.0;0.5,0.2,1.0;1.5,0.2,1.0
RES|standing|1.2|tool|FACE|true|1.9980973490458727,0.24357787137382908,1.5000000000522933|0.08715574274765821,-0.9961946980917455,0.0|2.4961946980917453,0.2871557427476582,2.0000000001045866;1.5,0.2,2.0;1.5,0.2,1.0;2.4961946980917453,0.2871557427476582,1.0000000001045868
RES|standing|1.2|tool|FACE|true|1.9961946980917453,0.2871557427476582,1.5000000001045866|0.0,1.0,0.0|1.4961946980917455,0.2871557427476582,2.0000000001045866;2.4961946980917453,0.2871557427476582,2.0000000001045866;2.4961946980917453,0.2871557427476582,1.0000000001045868;1.4961946980917455,0.2871557427476582,1.0000000001045868
RES|standing|1.2|tool|FACE|true|0.9980973490458727,0.2435778713738291,1.5000000000522933|-0.08715574274765818,0.9961946980917455,0.0|0.5,0.2,2.0;1.4961946980917455,0.2871557427476582,2.0000000001045866;1.4961946980917455,0.2871557427476582,1.0000000001045868;0.5,0.2,1.0
RES|standing|1.2|OPS|vA=13.5|vB=0.0871557427476582
RES|standing|1.2|union|VERDICT|builds|f64=13.587155742749397
RES|standing|1.2|union|FACE|true|1.5,0.25,1.0|0.0,0.0,1.0|0.0,2.5,1.0;0.0,-2.0,1.0;3.0,-2.0,1.0;3.0,2.5,1.0#1.4961946980917455,0.2871557427476582,1.0000000001045868;2.4961946980917453,0.2871557427476582,1.0000000001045868;1.5,0.2,1.0;0.5,0.2,1.0
RES|standing|1.2|union|FACE|true|1.5,0.25,0.0|0.0,0.0,-1.0|0.0,-2.0,0.0;0.0,2.5,0.0;3.0,2.5,0.0;3.0,-2.0,0.0
RES|standing|1.2|union|FACE|true|1.5,-2.0,0.5|0.0,-1.0,0.0|3.0,-2.0,1.0;0.0,-2.0,1.0;0.0,-2.0,0.0;3.0,-2.0,0.0
RES|standing|1.2|union|FACE|true|3.0,0.25,0.5|1.0,0.0,0.0|3.0,2.5,1.0;3.0,-2.0,1.0;3.0,-2.0,0.0;3.0,2.5,0.0
RES|standing|1.2|union|FACE|true|1.5,2.5,0.5|0.0,1.0,0.0|0.0,2.5,1.0;3.0,2.5,1.0;3.0,2.5,0.0;0.0,2.5,0.0
RES|standing|1.2|union|FACE|true|0.0,0.25,0.5|-1.0,0.0,0.0|0.0,-2.0,1.0;0.0,2.5,1.0;0.0,2.5,0.0;0.0,-2.0,0.0
RES|standing|1.2|union|FACE|true|1.0,0.2,1.5|0.0,-1.0,0.0|1.5,0.2,1.0;1.5,0.2,2.0;0.5,0.2,2.0;0.5,0.2,1.0
RES|standing|1.2|union|FACE|true|1.4980973490458727,0.2435778713738291,2.0000000000522933|0.0,-1.199996217531847e-9,1.0|1.4961946980917455,0.2871557427476582,2.0000000001045866;0.5,0.2,2.0;1.5,0.2,2.0;2.4961946980917453,0.2871557427476582,2.0000000001045866
RES|standing|1.2|union|FACE|true|1.9980973490458727,0.24357787137382908,1.5000000000522933|0.08715574274765821,-0.9961946980917455,0.0|2.4961946980917453,0.2871557427476582,1.0000000001045868;2.4961946980917453,0.2871557427476582,2.0000000001045866;1.5,0.2,2.0;1.5,0.2,1.0
RES|standing|1.2|union|FACE|true|1.9961946980917453,0.2871557427476582,1.5000000001045866|0.0,1.0,0.0|1.4961946980917455,0.2871557427476582,1.0000000001045868;1.4961946980917455,0.2871557427476582,2.0000000001045866;2.4961946980917453,0.2871557427476582,2.0000000001045866;2.4961946980917453,0.2871557427476582,1.0000000001045868
RES|standing|1.2|union|FACE|true|0.9980973490458727,0.2435778713738291,1.5000000000522933|-0.08715574274765818,0.9961946980917455,0.0|0.5,0.2,1.0;0.5,0.2,2.0;1.4961946980917455,0.2871557427476582,2.0000000001045866;1.4961946980917455,0.2871557427476582,1.0000000001045868
RES|standing|1.2|intersect|VERDICT|empty
RES|standing|1.2|AminusB|VERDICT|builds|f64=13.5
RES|standing|1.2|AminusB|FACE|true|1.5,0.25,1.0|0.0,0.0,1.0|0.0,2.5,1.0;0.0,-2.0,1.0;3.0,-2.0,1.0;3.0,2.5,1.0
RES|standing|1.2|AminusB|FACE|true|1.5,0.25,0.0|0.0,0.0,-1.0|0.0,-2.0,0.0;0.0,2.5,0.0;3.0,2.5,0.0;3.0,-2.0,0.0
RES|standing|1.2|AminusB|FACE|true|1.5,-2.0,0.5|0.0,-1.0,0.0|3.0,-2.0,1.0;0.0,-2.0,1.0;0.0,-2.0,0.0;3.0,-2.0,0.0
RES|standing|1.2|AminusB|FACE|true|3.0,0.25,0.5|1.0,0.0,0.0|3.0,2.5,1.0;3.0,-2.0,1.0;3.0,-2.0,0.0;3.0,2.5,0.0
RES|standing|1.2|AminusB|FACE|true|1.5,2.5,0.5|0.0,1.0,0.0|0.0,2.5,1.0;3.0,2.5,1.0;3.0,2.5,0.0;0.0,2.5,0.0
RES|standing|1.2|AminusB|FACE|true|0.0,0.25,0.5|-1.0,0.0,0.0|0.0,-2.0,1.0;0.0,2.5,1.0;0.0,2.5,0.0;0.0,-2.0,0.0
RES|standing|1.2|BminusA|VERDICT|builds|f64=0.0871557427476582
RES|standing|1.2|BminusA|FACE|true|1.4980973490458727,0.2435778713738291,2.0000000000522933|0.0,-1.199996217531847e-9,1.0|1.4961946980917455,0.2871557427476582,2.0000000001045866;0.5,0.2,2.0;1.5,0.2,2.0;2.4961946980917453,0.2871557427476582,2.0000000001045866
RES|standing|1.2|BminusA|FACE|true|1.4980973490458727,0.24357787137382908,1.0000000000522933|0.0,1.1999987652079716e-9,-1.0|0.5,0.2,1.0;1.4961946980917455,0.2871557427476582,1.0000000001045868;2.4961946980917453,0.2871557427476582,1.0000000001045868;1.5,0.2,1.0
RES|standing|1.2|BminusA|FACE|true|1.0,0.2,1.5|0.0,-1.0,0.0|1.5,0.2,2.0;0.5,0.2,2.0;0.5,0.2,1.0;1.5,0.2,1.0
RES|standing|1.2|BminusA|FACE|true|1.9980973490458727,0.24357787137382908,1.5000000000522933|0.08715574274765821,-0.9961946980917455,0.0|2.4961946980917453,0.2871557427476582,2.0000000001045866;1.5,0.2,2.0;1.5,0.2,1.0;2.4961946980917453,0.2871557427476582,1.0000000001045868
RES|standing|1.2|BminusA|FACE|true|1.9961946980917453,0.2871557427476582,1.5000000001045866|0.0,1.0,0.0|1.4961946980917455,0.2871557427476582,2.0000000001045866;2.4961946980917453,0.2871557427476582,2.0000000001045866;2.4961946980917453,0.2871557427476582,1.0000000001045868;1.4961946980917455,0.2871557427476582,1.0000000001045868
RES|standing|1.2|BminusA|FACE|true|0.9980973490458727,0.2435778713738291,1.5000000000522933|-0.08715574274765818,0.9961946980917455,0.0|0.5,0.2,2.0;1.4961946980917455,0.2871557427476582,2.0000000001045866;1.4961946980917455,0.2871557427476582,1.0000000001045868;0.5,0.2,1.0
RES|standing|-1.2|tool|FACE|true|1.4980973490458727,0.2435778713738291,1.9999999999477067|0.0,1.2000013128840964e-9,1.0|1.4961946980917455,0.2871557427476582,1.999999999895413;0.5,0.2,2.0;1.5,0.2,2.0;2.4961946980917453,0.2871557427476582,1.999999999895413
RES|standing|-1.2|tool|FACE|true|1.4980973490458727,0.24357787137382908,0.9999999999477065|0.0,-1.2000000390460339e-9,-1.0|0.5,0.2,1.0;1.4961946980917455,0.2871557427476582,0.9999999998954131;2.4961946980917453,0.2871557427476582,0.9999999998954131;1.5,0.2,1.0
RES|standing|-1.2|tool|FACE|true|1.0,0.2,1.5|0.0,-1.0,0.0|1.5,0.2,2.0;0.5,0.2,2.0;0.5,0.2,1.0;1.5,0.2,1.0
RES|standing|-1.2|tool|FACE|true|1.9980973490458727,0.24357787137382908,1.4999999999477065|0.08715574274765821,-0.9961946980917455,0.0|2.4961946980917453,0.2871557427476582,1.999999999895413;1.5,0.2,2.0;1.5,0.2,1.0;2.4961946980917453,0.2871557427476582,0.9999999998954131
RES|standing|-1.2|tool|FACE|true|1.9961946980917453,0.2871557427476582,1.499999999895413|0.0,1.0,0.0|1.4961946980917455,0.2871557427476582,1.999999999895413;2.4961946980917453,0.2871557427476582,1.999999999895413;2.4961946980917453,0.2871557427476582,0.9999999998954131;1.4961946980917455,0.2871557427476582,0.9999999998954131
RES|standing|-1.2|tool|FACE|true|0.9980973490458727,0.2435778713738291,1.4999999999477065|-0.08715574274765821,0.9961946980917455,0.0|0.5,0.2,2.0;1.4961946980917455,0.2871557427476582,1.999999999895413;1.4961946980917455,0.2871557427476582,0.9999999998954131;0.5,0.2,1.0
RES|standing|-1.2|OPS|vA=13.5|vB=0.08715574274765818
RES|standing|-1.2|union|VERDICT|builds|f64=13.587155742745914
RES|standing|-1.2|union|FACE|true|1.5,0.25,1.0|0.0,0.0,1.0|0.0,2.5,1.0;0.0,-2.0,1.0;3.0,-2.0,1.0;3.0,2.5,1.0#1.4961946980917455,0.2871557427476582,0.9999999998954131;2.4961946980917453,0.2871557427476582,0.9999999998954131;1.5,0.2,1.0;0.5,0.2,1.0
RES|standing|-1.2|union|FACE|true|1.5,0.25,0.0|0.0,0.0,-1.0|0.0,-2.0,0.0;0.0,2.5,0.0;3.0,2.5,0.0;3.0,-2.0,0.0
RES|standing|-1.2|union|FACE|true|1.5,-2.0,0.5|0.0,-1.0,0.0|3.0,-2.0,1.0;0.0,-2.0,1.0;0.0,-2.0,0.0;3.0,-2.0,0.0
RES|standing|-1.2|union|FACE|true|3.0,0.25,0.5|1.0,0.0,0.0|3.0,2.5,1.0;3.0,-2.0,1.0;3.0,-2.0,0.0;3.0,2.5,0.0
RES|standing|-1.2|union|FACE|true|1.5,2.5,0.5|0.0,1.0,0.0|0.0,2.5,1.0;3.0,2.5,1.0;3.0,2.5,0.0;0.0,2.5,0.0
RES|standing|-1.2|union|FACE|true|0.0,0.25,0.5|-1.0,0.0,0.0|0.0,-2.0,1.0;0.0,2.5,1.0;0.0,2.5,0.0;0.0,-2.0,0.0
RES|standing|-1.2|union|FACE|true|1.0,0.2,1.5|0.0,-1.0,0.0|1.5,0.2,1.0;1.5,0.2,2.0;0.5,0.2,2.0;0.5,0.2,1.0
RES|standing|-1.2|union|FACE|true|1.4980973490458727,0.2435778713738291,1.9999999999477067|0.0,1.2000013128840964e-9,1.0|1.4961946980917455,0.2871557427476582,1.999999999895413;0.5,0.2,2.0;1.5,0.2,2.0;2.4961946980917453,0.2871557427476582,1.999999999895413
RES|standing|-1.2|union|FACE|true|1.9980973490458727,0.24357787137382908,1.4999999999477065|0.08715574274765821,-0.9961946980917455,0.0|2.4961946980917453,0.2871557427476582,0.9999999998954131;2.4961946980917453,0.2871557427476582,1.999999999895413;1.5,0.2,2.0;1.5,0.2,1.0
RES|standing|-1.2|union|FACE|true|1.9961946980917453,0.2871557427476582,1.499999999895413|0.0,1.0,0.0|1.4961946980917455,0.2871557427476582,0.9999999998954131;1.4961946980917455,0.2871557427476582,1.999999999895413;2.4961946980917453,0.2871557427476582,1.999999999895413;2.4961946980917453,0.2871557427476582,0.9999999998954131
RES|standing|-1.2|union|FACE|true|0.9980973490458727,0.2435778713738291,1.4999999999477065|-0.08715574274765821,0.9961946980917455,0.0|0.5,0.2,1.0;0.5,0.2,2.0;1.4961946980917455,0.2871557427476582,1.999999999895413;1.4961946980917455,0.2871557427476582,0.9999999998954131
RES|standing|-1.2|intersect|VERDICT|empty
RES|standing|-1.2|AminusB|VERDICT|builds|f64=13.5
RES|standing|-1.2|AminusB|FACE|true|1.5,0.25,1.0|0.0,0.0,1.0|0.0,2.5,1.0;0.0,-2.0,1.0;3.0,-2.0,1.0;3.0,2.5,1.0
RES|standing|-1.2|AminusB|FACE|true|1.5,0.25,0.0|0.0,0.0,-1.0|0.0,-2.0,0.0;0.0,2.5,0.0;3.0,2.5,0.0;3.0,-2.0,0.0
RES|standing|-1.2|AminusB|FACE|true|1.5,-2.0,0.5|0.0,-1.0,0.0|3.0,-2.0,1.0;0.0,-2.0,1.0;0.0,-2.0,0.0;3.0,-2.0,0.0
RES|standing|-1.2|AminusB|FACE|true|3.0,0.25,0.5|1.0,0.0,0.0|3.0,2.5,1.0;3.0,-2.0,1.0;3.0,-2.0,0.0;3.0,2.5,0.0
RES|standing|-1.2|AminusB|FACE|true|1.5,2.5,0.5|0.0,1.0,0.0|0.0,2.5,1.0;3.0,2.5,1.0;3.0,2.5,0.0;0.0,2.5,0.0
RES|standing|-1.2|AminusB|FACE|true|0.0,0.25,0.5|-1.0,0.0,0.0|0.0,-2.0,1.0;0.0,2.5,1.0;0.0,2.5,0.0;0.0,-2.0,0.0
RES|standing|-1.2|BminusA|VERDICT|builds|f64=0.08715574274765818
RES|standing|-1.2|BminusA|FACE|true|1.4980973490458727,0.2435778713738291,1.9999999999477067|0.0,1.2000013128840964e-9,1.0|1.4961946980917455,0.2871557427476582,1.999999999895413;0.5,0.2,2.0;1.5,0.2,2.0;2.4961946980917453,0.2871557427476582,1.999999999895413
RES|standing|-1.2|BminusA|FACE|true|1.4980973490458727,0.24357787137382908,0.9999999999477065|0.0,-1.2000000390460339e-9,-1.0|0.5,0.2,1.0;1.4961946980917455,0.2871557427476582,0.9999999998954131;2.4961946980917453,0.2871557427476582,0.9999999998954131;1.5,0.2,1.0
RES|standing|-1.2|BminusA|FACE|true|1.0,0.2,1.5|0.0,-1.0,0.0|1.5,0.2,2.0;0.5,0.2,2.0;0.5,0.2,1.0;1.5,0.2,1.0
RES|standing|-1.2|BminusA|FACE|true|1.9980973490458727,0.24357787137382908,1.4999999999477065|0.08715574274765821,-0.9961946980917455,0.0|2.4961946980917453,0.2871557427476582,1.999999999895413;1.5,0.2,2.0;1.5,0.2,1.0;2.4961946980917453,0.2871557427476582,0.9999999998954131
RES|standing|-1.2|BminusA|FACE|true|1.9961946980917453,0.2871557427476582,1.499999999895413|0.0,1.0,0.0|1.4961946980917455,0.2871557427476582,1.999999999895413;2.4961946980917453,0.2871557427476582,1.999999999895413;2.4961946980917453,0.2871557427476582,0.9999999998954131;1.4961946980917455,0.2871557427476582,0.9999999998954131
RES|standing|-1.2|BminusA|FACE|true|0.9980973490458727,0.2435778713738291,1.4999999999477065|-0.08715574274765821,0.9961946980917455,0.0|0.5,0.2,2.0;1.4961946980917455,0.2871557427476582,1.999999999895413;1.4961946980917455,0.2871557427476582,0.9999999998954131;0.5,0.2,1.0
RES|sunk|1.2|tool|FACE|true|1.4980973490458727,0.2435778713738291,1.0000000000522933|0.0,-1.1999987652079714e-9,1.0|1.4961946980917455,0.2871557427476582,1.0000000001045868;0.5,0.2,1.0;1.5,0.2,1.0;2.4961946980917453,0.2871557427476582,1.0000000001045868
RES|sunk|1.2|tool|FACE|true|1.4980973490458727,0.24357787137382908,0.5000000000522934|0.0,1.1999987652079716e-9,-1.0|0.5,0.2,0.5;1.4961946980917455,0.2871557427476582,0.5000000001045868;2.4961946980917453,0.2871557427476582,0.5000000001045868;1.5,0.2,0.5
RES|sunk|1.2|tool|FACE|true|1.0,0.2,0.75|0.0,-1.0,0.0|1.5,0.2,1.0;0.5,0.2,1.0;0.5,0.2,0.5;1.5,0.2,0.5
RES|sunk|1.2|tool|FACE|true|1.9980973490458727,0.24357787137382908,0.7500000000522934|0.08715574274765821,-0.9961946980917455,0.0|2.4961946980917453,0.2871557427476582,1.0000000001045868;1.5,0.2,1.0;1.5,0.2,0.5;2.4961946980917453,0.2871557427476582,0.5000000001045868
RES|sunk|1.2|tool|FACE|true|1.9961946980917453,0.2871557427476582,0.7500000001045868|0.0,1.0,0.0|1.4961946980917455,0.2871557427476582,1.0000000001045868;2.4961946980917453,0.2871557427476582,1.0000000001045868;2.4961946980917453,0.2871557427476582,0.5000000001045868;1.4961946980917455,0.2871557427476582,0.5000000001045868
RES|sunk|1.2|tool|FACE|true|0.9980973490458727,0.2435778713738291,0.7500000000522933|-0.0871557427476582,0.9961946980917455,0.0|0.5,0.2,1.0;1.4961946980917455,0.2871557427476582,1.0000000001045868;1.4961946980917455,0.2871557427476582,0.5000000001045868;0.5,0.2,0.5
RES|sunk|1.2|OPS|vA=13.5|vB=0.0435778713738291
RES|sunk|1.2|union|VERDICT|builds|f64=13.5
RES|sunk|1.2|union|FACE|true|1.5,0.25,1.0|0.0,0.0,1.0|0.0,2.5,1.0;0.0,-2.0,1.0;3.0,-2.0,1.0;3.0,2.5,1.0
RES|sunk|1.2|union|FACE|true|1.5,0.25,0.0|0.0,0.0,-1.0|0.0,-2.0,0.0;0.0,2.5,0.0;3.0,2.5,0.0;3.0,-2.0,0.0
RES|sunk|1.2|union|FACE|true|1.5,-2.0,0.5|0.0,-1.0,0.0|3.0,-2.0,1.0;0.0,-2.0,1.0;0.0,-2.0,0.0;3.0,-2.0,0.0
RES|sunk|1.2|union|FACE|true|3.0,0.25,0.5|1.0,0.0,0.0|3.0,2.5,1.0;3.0,-2.0,1.0;3.0,-2.0,0.0;3.0,2.5,0.0
RES|sunk|1.2|union|FACE|true|1.5,2.5,0.5|0.0,1.0,0.0|0.0,2.5,1.0;3.0,2.5,1.0;3.0,2.5,0.0;0.0,2.5,0.0
RES|sunk|1.2|union|FACE|true|0.0,0.25,0.5|-1.0,0.0,0.0|0.0,-2.0,1.0;0.0,2.5,1.0;0.0,2.5,0.0;0.0,-2.0,0.0
RES|sunk|1.2|intersect|VERDICT|builds|f64=0.043577871372085984
RES|sunk|1.2|intersect|FACE|true|0.9980973490458727,0.2435778713738291,0.7500000000522933|-0.0871557427476582,0.9961946980917455,0.0|1.4961946980917455,0.2871557427476582,1.0000000001045868;1.4961946980917455,0.2871557427476582,0.5000000001045868;0.5,0.2,0.5;0.5,0.2,1.0
RES|sunk|1.2|intersect|FACE|true|1.9961946980917453,0.2871557427476582,0.7500000001045868|0.0,1.0,0.0|2.4961946980917453,0.2871557427476582,1.0000000001045868;2.4961946980917453,0.2871557427476582,0.5000000001045868;1.4961946980917455,0.2871557427476582,0.5000000001045868;1.4961946980917455,0.2871557427476582,1.0000000001045868
RES|sunk|1.2|intersect|FACE|true|1.9980973490458727,0.24357787137382908,0.7500000000522934|0.08715574274765821,-0.9961946980917455,0.0|1.5,0.2,1.0;1.5,0.2,0.5;2.4961946980917453,0.2871557427476582,0.5000000001045868;2.4961946980917453,0.2871557427476582,1.0000000001045868
RES|sunk|1.2|intersect|FACE|true|1.0,0.2,0.75|0.0,-1.0,0.0|0.5,0.2,1.0;0.5,0.2,0.5;1.5,0.2,0.5;1.5,0.2,1.0
RES|sunk|1.2|intersect|FACE|true|1.5,0.25,1.0|0.0,0.0,1.0|2.4961946980917453,0.2871557427476582,1.0000000001045868;1.4961946980917455,0.2871557427476582,1.0000000001045868;0.5,0.2,1.0;1.5,0.2,1.0
RES|sunk|1.2|intersect|FACE|true|1.4980973490458727,0.24357787137382908,0.5000000000522934|0.0,1.1999987652079716e-9,-1.0|0.5,0.2,0.5;1.4961946980917455,0.2871557427476582,0.5000000001045868;2.4961946980917453,0.2871557427476582,0.5000000001045868;1.5,0.2,0.5
RES|sunk|1.2|AminusB|VERDICT|builds|f64=13.456422128627912
RES|sunk|1.2|AminusB|FACE|true|1.5,0.25,1.0|0.0,0.0,1.0|0.0,2.5,1.0;0.0,-2.0,1.0;3.0,-2.0,1.0;3.0,2.5,1.0#1.4961946980917455,0.2871557427476582,1.0000000001045868;2.4961946980917453,0.2871557427476582,1.0000000001045868;1.5,0.2,1.0;0.5,0.2,1.0
RES|sunk|1.2|AminusB|FACE|true|1.5,0.25,0.0|0.0,0.0,-1.0|0.0,-2.0,0.0;0.0,2.5,0.0;3.0,2.5,0.0;3.0,-2.0,0.0
RES|sunk|1.2|AminusB|FACE|true|1.5,-2.0,0.5|0.0,-1.0,0.0|3.0,-2.0,1.0;0.0,-2.0,1.0;0.0,-2.0,0.0;3.0,-2.0,0.0
RES|sunk|1.2|AminusB|FACE|true|3.0,0.25,0.5|1.0,0.0,0.0|3.0,2.5,1.0;3.0,-2.0,1.0;3.0,-2.0,0.0;3.0,2.5,0.0
RES|sunk|1.2|AminusB|FACE|true|1.5,2.5,0.5|0.0,1.0,0.0|0.0,2.5,1.0;3.0,2.5,1.0;3.0,2.5,0.0;0.0,2.5,0.0
RES|sunk|1.2|AminusB|FACE|true|0.0,0.25,0.5|-1.0,0.0,0.0|0.0,-2.0,1.0;0.0,2.5,1.0;0.0,2.5,0.0;0.0,-2.0,0.0
RES|sunk|1.2|AminusB|FACE|true|1.0,0.2,0.75|-0.0,1.0,-0.0|1.5,0.2,1.0;1.5,0.2,0.5;0.5,0.2,0.5;0.5,0.2,1.0
RES|sunk|1.2|AminusB|FACE|true|1.4980973490458727,0.24357787137382908,0.5000000000522934|-0.0,-1.1999987652079716e-9,1.0|0.5,0.2,0.5;1.5,0.2,0.5;2.4961946980917453,0.2871557427476582,0.5000000001045868;1.4961946980917455,0.2871557427476582,0.5000000001045868
RES|sunk|1.2|AminusB|FACE|true|1.9980973490458727,0.24357787137382908,0.7500000000522934|-0.08715574274765821,0.9961946980917455,-0.0|2.4961946980917453,0.2871557427476582,1.0000000001045868;2.4961946980917453,0.2871557427476582,0.5000000001045868;1.5,0.2,0.5;1.5,0.2,1.0
RES|sunk|1.2|AminusB|FACE|true|1.9961946980917453,0.2871557427476582,0.7500000001045868|-0.0,-1.0,-0.0|1.4961946980917455,0.2871557427476582,1.0000000001045868;1.4961946980917455,0.2871557427476582,0.5000000001045868;2.4961946980917453,0.2871557427476582,0.5000000001045868;2.4961946980917453,0.2871557427476582,1.0000000001045868
RES|sunk|1.2|AminusB|FACE|true|0.9980973490458727,0.2435778713738291,0.7500000000522933|0.0871557427476582,-0.9961946980917455,-0.0|0.5,0.2,1.0;0.5,0.2,0.5;1.4961946980917455,0.2871557427476582,0.5000000001045868;1.4961946980917455,0.2871557427476582,1.0000000001045868
RES|sunk|1.2|BminusA|VERDICT|empty
RES|sunk|-1.2|tool|FACE|true|1.4980973490458727,0.2435778713738291,0.9999999999477065|0.0,1.2000000390460339e-9,1.0|1.4961946980917455,0.2871557427476582,0.9999999998954131;0.5,0.2,1.0;1.5,0.2,1.0;2.4961946980917453,0.2871557427476582,0.9999999998954131
RES|sunk|-1.2|tool|FACE|true|1.4980973490458727,0.24357787137382908,0.49999999994770655|0.0,-1.2000000390460339e-9,-1.0|0.5,0.2,0.5;1.4961946980917455,0.2871557427476582,0.4999999998954131;2.4961946980917453,0.2871557427476582,0.4999999998954131;1.5,0.2,0.5
RES|sunk|-1.2|tool|FACE|true|1.0,0.2,0.75|0.0,-1.0,0.0|1.5,0.2,1.0;0.5,0.2,1.0;0.5,0.2,0.5;1.5,0.2,0.5
RES|sunk|-1.2|tool|FACE|true|1.9980973490458727,0.24357787137382908,0.7499999999477065|0.08715574274765821,-0.9961946980917455,0.0|2.4961946980917453,0.2871557427476582,0.9999999998954131;1.5,0.2,1.0;1.5,0.2,0.5;2.4961946980917453,0.2871557427476582,0.4999999998954131
RES|sunk|-1.2|tool|FACE|true|1.9961946980917453,0.2871557427476582,0.7499999998954131|0.0,1.0,0.0|1.4961946980917455,0.2871557427476582,0.9999999998954131;2.4961946980917453,0.2871557427476582,0.9999999998954131;2.4961946980917453,0.2871557427476582,0.4999999998954131;1.4961946980917455,0.2871557427476582,0.4999999998954131
RES|sunk|-1.2|tool|FACE|true|0.9980973490458727,0.2435778713738291,0.7499999999477065|-0.0871557427476582,0.9961946980917455,0.0|0.5,0.2,1.0;1.4961946980917455,0.2871557427476582,0.9999999998954131;1.4961946980917455,0.2871557427476582,0.4999999998954131;0.5,0.2,0.5
RES|sunk|-1.2|OPS|vA=13.5|vB=0.0435778713738291
RES|sunk|-1.2|union|VERDICT|builds|f64=13.5
RES|sunk|-1.2|union|FACE|true|1.5,0.25,1.0|0.0,0.0,1.0|0.0,2.5,1.0;0.0,-2.0,1.0;3.0,-2.0,1.0;3.0,2.5,1.0
RES|sunk|-1.2|union|FACE|true|1.5,0.25,0.0|0.0,0.0,-1.0|0.0,-2.0,0.0;0.0,2.5,0.0;3.0,2.5,0.0;3.0,-2.0,0.0
RES|sunk|-1.2|union|FACE|true|1.5,-2.0,0.5|0.0,-1.0,0.0|3.0,-2.0,1.0;0.0,-2.0,1.0;0.0,-2.0,0.0;3.0,-2.0,0.0
RES|sunk|-1.2|union|FACE|true|3.0,0.25,0.5|1.0,0.0,0.0|3.0,2.5,1.0;3.0,-2.0,1.0;3.0,-2.0,0.0;3.0,2.5,0.0
RES|sunk|-1.2|union|FACE|true|1.5,2.5,0.5|0.0,1.0,0.0|0.0,2.5,1.0;3.0,2.5,1.0;3.0,2.5,0.0;0.0,2.5,0.0
RES|sunk|-1.2|union|FACE|true|0.0,0.25,0.5|-1.0,0.0,0.0|0.0,-2.0,1.0;0.0,2.5,1.0;0.0,2.5,0.0;0.0,-2.0,0.0
RES|sunk|-1.2|intersect|VERDICT|builds|f64=0.0435778713755722
RES|sunk|-1.2|intersect|FACE|true|0.9980973490458727,0.2435778713738291,0.7499999999477065|-0.0871557427476582,0.9961946980917455,0.0|1.4961946980917455,0.2871557427476582,0.9999999998954131;1.4961946980917455,0.2871557427476582,0.4999999998954131;0.5,0.2,0.5;0.5,0.2,1.0
RES|sunk|-1.2|intersect|FACE|true|1.9961946980917453,0.2871557427476582,0.7499999998954131|0.0,1.0,0.0|2.4961946980917453,0.2871557427476582,0.9999999998954131;2.4961946980917453,0.2871557427476582,0.4999999998954131;1.4961946980917455,0.2871557427476582,0.4999999998954131;1.4961946980917455,0.2871557427476582,0.9999999998954131
RES|sunk|-1.2|intersect|FACE|true|1.9980973490458727,0.24357787137382908,0.7499999999477065|0.08715574274765821,-0.9961946980917455,0.0|1.5,0.2,1.0;1.5,0.2,0.5;2.4961946980917453,0.2871557427476582,0.4999999998954131;2.4961946980917453,0.2871557427476582,0.9999999998954131
RES|sunk|-1.2|intersect|FACE|true|1.0,0.2,0.75|0.0,-1.0,0.0|0.5,0.2,1.0;0.5,0.2,0.5;1.5,0.2,0.5;1.5,0.2,1.0
RES|sunk|-1.2|intersect|FACE|true|1.5,0.25,1.0|0.0,0.0,1.0|2.4961946980917453,0.2871557427476582,0.9999999998954131;1.4961946980917455,0.2871557427476582,0.9999999998954131;0.5,0.2,1.0;1.5,0.2,1.0
RES|sunk|-1.2|intersect|FACE|true|1.4980973490458727,0.24357787137382908,0.49999999994770655|0.0,-1.2000000390460339e-9,-1.0|0.5,0.2,0.5;1.4961946980917455,0.2871557427476582,0.4999999998954131;2.4961946980917453,0.2871557427476582,0.4999999998954131;1.5,0.2,0.5
RES|sunk|-1.2|AminusB|VERDICT|builds|f64=13.456422128624427
RES|sunk|-1.2|AminusB|FACE|true|1.5,0.25,1.0|0.0,0.0,1.0|0.0,2.5,1.0;0.0,-2.0,1.0;3.0,-2.0,1.0;3.0,2.5,1.0#1.4961946980917455,0.2871557427476582,0.9999999998954131;2.4961946980917453,0.2871557427476582,0.9999999998954131;1.5,0.2,1.0;0.5,0.2,1.0
RES|sunk|-1.2|AminusB|FACE|true|1.5,0.25,0.0|0.0,0.0,-1.0|0.0,-2.0,0.0;0.0,2.5,0.0;3.0,2.5,0.0;3.0,-2.0,0.0
RES|sunk|-1.2|AminusB|FACE|true|1.5,-2.0,0.5|0.0,-1.0,0.0|3.0,-2.0,1.0;0.0,-2.0,1.0;0.0,-2.0,0.0;3.0,-2.0,0.0
RES|sunk|-1.2|AminusB|FACE|true|3.0,0.25,0.5|1.0,0.0,0.0|3.0,2.5,1.0;3.0,-2.0,1.0;3.0,-2.0,0.0;3.0,2.5,0.0
RES|sunk|-1.2|AminusB|FACE|true|1.5,2.5,0.5|0.0,1.0,0.0|0.0,2.5,1.0;3.0,2.5,1.0;3.0,2.5,0.0;0.0,2.5,0.0
RES|sunk|-1.2|AminusB|FACE|true|0.0,0.25,0.5|-1.0,0.0,0.0|0.0,-2.0,1.0;0.0,2.5,1.0;0.0,2.5,0.0;0.0,-2.0,0.0
RES|sunk|-1.2|AminusB|FACE|true|1.0,0.2,0.75|-0.0,1.0,-0.0|1.5,0.2,1.0;1.5,0.2,0.5;0.5,0.2,0.5;0.5,0.2,1.0
RES|sunk|-1.2|AminusB|FACE|true|1.4980973490458727,0.24357787137382908,0.49999999994770655|-0.0,1.2000000390460339e-9,1.0|0.5,0.2,0.5;1.5,0.2,0.5;2.4961946980917453,0.2871557427476582,0.4999999998954131;1.4961946980917455,0.2871557427476582,0.4999999998954131
RES|sunk|-1.2|AminusB|FACE|true|1.9980973490458727,0.24357787137382908,0.7499999999477065|-0.08715574274765821,0.9961946980917455,-0.0|2.4961946980917453,0.2871557427476582,0.9999999998954131;2.4961946980917453,0.2871557427476582,0.4999999998954131;1.5,0.2,0.5;1.5,0.2,1.0
RES|sunk|-1.2|AminusB|FACE|true|1.9961946980917453,0.2871557427476582,0.7499999998954131|-0.0,-1.0,-0.0|1.4961946980917455,0.2871557427476582,0.9999999998954131;1.4961946980917455,0.2871557427476582,0.4999999998954131;2.4961946980917453,0.2871557427476582,0.4999999998954131;2.4961946980917453,0.2871557427476582,0.9999999998954131
RES|sunk|-1.2|AminusB|FACE|true|0.9980973490458727,0.2435778713738291,0.7499999999477065|0.0871557427476582,-0.9961946980917455,-0.0|0.5,0.2,1.0;0.5,0.2,0.5;1.4961946980917455,0.2871557427476582,0.4999999998954131;1.4961946980917455,0.2871557427476582,0.9999999998954131
RES|sunk|-1.2|BminusA|VERDICT|empty
RES|sunk|2|tool|FACE|true|1.4980973490458727,0.2435778713738291,1.0000000000871556|0.0,-1.9999996404640357e-9,1.0|1.4961946980917455,0.2871557427476582,1.0000000001743115;0.5,0.2,1.0;1.5,0.2,1.0;2.4961946980917453,0.2871557427476582,1.0000000001743115
RES|sunk|2|tool|FACE|true|1.4980973490458727,0.24357787137382908,0.5000000000871557|0.0,1.9999996404640357e-9,-1.0|0.5,0.2,0.5;1.4961946980917455,0.2871557427476582,0.5000000001743115;2.4961946980917453,0.2871557427476582,0.5000000001743115;1.5,0.2,0.5
RES|sunk|2|tool|FACE|true|1.0,0.2,0.75|0.0,-1.0,0.0|1.5,0.2,1.0;0.5,0.2,1.0;0.5,0.2,0.5;1.5,0.2,0.5
RES|sunk|2|tool|FACE|true|1.9980973490458727,0.24357787137382908,0.7500000000871557|0.08715574274765821,-0.9961946980917455,0.0|2.4961946980917453,0.2871557427476582,1.0000000001743115;1.5,0.2,1.0;1.5,0.2,0.5;2.4961946980917453,0.2871557427476582,0.5000000001743115
RES|sunk|2|tool|FACE|true|1.9961946980917453,0.2871557427476582,0.7500000001743115|0.0,1.0,0.0|1.4961946980917455,0.2871557427476582,1.0000000001743115;2.4961946980917453,0.2871557427476582,1.0000000001743115;2.4961946980917453,0.2871557427476582,0.5000000001743115;1.4961946980917455,0.2871557427476582,0.5000000001743115
RES|sunk|2|tool|FACE|true|0.9980973490458727,0.2435778713738291,0.7500000000871556|-0.0871557427476582,0.9961946980917455,0.0|0.5,0.2,1.0;1.4961946980917455,0.2871557427476582,1.0000000001743115;1.4961946980917455,0.2871557427476582,0.5000000001743115;0.5,0.2,0.5
RES|sunk|2|OPS|vA=13.5|vB=0.0435778713738291
RES|sunk|2|union|VERDICT|builds|f64=13.5
RES|sunk|2|union|FACE|true|1.5,0.25,1.0|0.0,0.0,1.0|0.0,2.5,1.0;0.0,-2.0,1.0;3.0,-2.0,1.0;3.0,2.5,1.0
RES|sunk|2|union|FACE|true|1.5,0.25,0.0|0.0,0.0,-1.0|0.0,-2.0,0.0;0.0,2.5,0.0;3.0,2.5,0.0;3.0,-2.0,0.0
RES|sunk|2|union|FACE|true|1.5,-2.0,0.5|0.0,-1.0,0.0|3.0,-2.0,1.0;0.0,-2.0,1.0;0.0,-2.0,0.0;3.0,-2.0,0.0
RES|sunk|2|union|FACE|true|3.0,0.25,0.5|1.0,0.0,0.0|3.0,2.5,1.0;3.0,-2.0,1.0;3.0,-2.0,0.0;3.0,2.5,0.0
RES|sunk|2|union|FACE|true|1.5,2.5,0.5|0.0,1.0,0.0|0.0,2.5,1.0;3.0,2.5,1.0;3.0,2.5,0.0;0.0,2.5,0.0
RES|sunk|2|union|FACE|true|0.0,0.25,0.5|-1.0,0.0,0.0|0.0,-2.0,1.0;0.0,2.5,1.0;0.0,2.5,0.0;0.0,-2.0,0.0
RES|sunk|2|intersect|VERDICT|builds|f64=0.0435778713709239
RES|sunk|2|intersect|FACE|true|0.9980973490458727,0.2435778713738291,0.7500000000871556|-0.0871557427476582,0.9961946980917455,0.0|1.4961946980917455,0.2871557427476582,1.0000000001743115;1.4961946980917455,0.2871557427476582,0.5000000001743115;0.5,0.2,0.5;0.5,0.2,1.0
RES|sunk|2|intersect|FACE|true|1.9961946980917453,0.2871557427476582,0.7500000001743115|0.0,1.0,0.0|2.4961946980917453,0.2871557427476582,1.0000000001743115;2.4961946980917453,0.2871557427476582,0.5000000001743115;1.4961946980917455,0.2871557427476582,0.5000000001743115;1.4961946980917455,0.2871557427476582,1.0000000001743115
RES|sunk|2|intersect|FACE|true|1.9980973490458727,0.24357787137382908,0.7500000000871557|0.08715574274765821,-0.9961946980917455,0.0|1.5,0.2,1.0;1.5,0.2,0.5;2.4961946980917453,0.2871557427476582,0.5000000001743115;2.4961946980917453,0.2871557427476582,1.0000000001743115
RES|sunk|2|intersect|FACE|true|1.0,0.2,0.75|0.0,-1.0,0.0|0.5,0.2,1.0;0.5,0.2,0.5;1.5,0.2,0.5;1.5,0.2,1.0
RES|sunk|2|intersect|FACE|true|1.5,0.25,1.0|0.0,0.0,1.0|2.4961946980917453,0.2871557427476582,1.0000000001743115;1.4961946980917455,0.2871557427476582,1.0000000001743115;0.5,0.2,1.0;1.5,0.2,1.0
RES|sunk|2|intersect|FACE|true|1.4980973490458727,0.24357787137382908,0.5000000000871557|0.0,1.9999996404640357e-9,-1.0|0.5,0.2,0.5;1.4961946980917455,0.2871557427476582,0.5000000001743115;2.4961946980917453,0.2871557427476582,0.5000000001743115;1.5,0.2,0.5
RES|sunk|2|AminusB|VERDICT|builds|f64=13.456422128629073
RES|sunk|2|AminusB|FACE|true|1.5,0.25,1.0|0.0,0.0,1.0|0.0,2.5,1.0;0.0,-2.0,1.0;3.0,-2.0,1.0;3.0,2.5,1.0#1.4961946980917455,0.2871557427476582,1.0000000001743115;2.4961946980917453,0.2871557427476582,1.0000000001743115;1.5,0.2,1.0;0.5,0.2,1.0
RES|sunk|2|AminusB|FACE|true|1.5,0.25,0.0|0.0,0.0,-1.0|0.0,-2.0,0.0;0.0,2.5,0.0;3.0,2.5,0.0;3.0,-2.0,0.0
RES|sunk|2|AminusB|FACE|true|1.5,-2.0,0.5|0.0,-1.0,0.0|3.0,-2.0,1.0;0.0,-2.0,1.0;0.0,-2.0,0.0;3.0,-2.0,0.0
RES|sunk|2|AminusB|FACE|true|3.0,0.25,0.5|1.0,0.0,0.0|3.0,2.5,1.0;3.0,-2.0,1.0;3.0,-2.0,0.0;3.0,2.5,0.0
RES|sunk|2|AminusB|FACE|true|1.5,2.5,0.5|0.0,1.0,0.0|0.0,2.5,1.0;3.0,2.5,1.0;3.0,2.5,0.0;0.0,2.5,0.0
RES|sunk|2|AminusB|FACE|true|0.0,0.25,0.5|-1.0,0.0,0.0|0.0,-2.0,1.0;0.0,2.5,1.0;0.0,2.5,0.0;0.0,-2.0,0.0
RES|sunk|2|AminusB|FACE|true|1.0,0.2,0.75|-0.0,1.0,-0.0|1.5,0.2,1.0;1.5,0.2,0.5;0.5,0.2,0.5;0.5,0.2,1.0
RES|sunk|2|AminusB|FACE|true|1.4980973490458727,0.24357787137382908,0.5000000000871557|-0.0,-1.9999996404640357e-9,1.0|0.5,0.2,0.5;1.5,0.2,0.5;2.4961946980917453,0.2871557427476582,0.5000000001743115;1.4961946980917455,0.2871557427476582,0.5000000001743115
RES|sunk|2|AminusB|FACE|true|1.9980973490458727,0.24357787137382908,0.7500000000871557|-0.08715574274765821,0.9961946980917455,-0.0|2.4961946980917453,0.2871557427476582,1.0000000001743115;2.4961946980917453,0.2871557427476582,0.5000000001743115;1.5,0.2,0.5;1.5,0.2,1.0
RES|sunk|2|AminusB|FACE|true|1.9961946980917453,0.2871557427476582,0.7500000001743115|-0.0,-1.0,-0.0|1.4961946980917455,0.2871557427476582,1.0000000001743115;1.4961946980917455,0.2871557427476582,0.5000000001743115;2.4961946980917453,0.2871557427476582,0.5000000001743115;2.4961946980917453,0.2871557427476582,1.0000000001743115
RES|sunk|2|AminusB|FACE|true|0.9980973490458727,0.2435778713738291,0.7500000000871556|0.0871557427476582,-0.9961946980917455,-0.0|0.5,0.2,1.0;0.5,0.2,0.5;1.4961946980917455,0.2871557427476582,0.5000000001743115;1.4961946980917455,0.2871557427476582,1.0000000001743115
RES|sunk|2|BminusA|VERDICT|empty
RES|sunk|-2|tool|FACE|true|1.4980973490458727,0.2435778713738291,0.9999999999128444|0.0,1.9999996404640357e-9,1.0|1.4961946980917455,0.2871557427476582,0.9999999998256885;0.5,0.2,1.0;1.5,0.2,1.0;2.4961946980917453,0.2871557427476582,0.9999999998256885
RES|sunk|-2|tool|FACE|true|1.4980973490458727,0.24357787137382908,0.4999999999128443|0.0,-1.9999996404640357e-9,-1.0|0.5,0.2,0.5;1.4961946980917455,0.2871557427476582,0.49999999982568855;2.4961946980917453,0.2871557427476582,0.49999999982568855;1.5,0.2,0.5
RES|sunk|-2|tool|FACE|true|1.0,0.2,0.75|0.0,-1.0,0.0|1.5,0.2,1.0;0.5,0.2,1.0;0.5,0.2,0.5;1.5,0.2,0.5
RES|sunk|-2|tool|FACE|true|1.9980973490458727,0.24357787137382908,0.7499999999128443|0.08715574274765821,-0.9961946980917455,0.0|2.4961946980917453,0.2871557427476582,0.9999999998256885;1.5,0.2,1.0;1.5,0.2,0.5;2.4961946980917453,0.2871557427476582,0.49999999982568855
RES|sunk|-2|tool|FACE|true|1.9961946980917453,0.2871557427476582,0.7499999998256885|0.0,1.0,0.0|1.4961946980917455,0.2871557427476582,0.9999999998256885;2.4961946980917453,0.2871557427476582,0.9999999998256885;2.4961946980917453,0.2871557427476582,0.49999999982568855;1.4961946980917455,0.2871557427476582,0.49999999982568855
RES|sunk|-2|tool|FACE|true|0.9980973490458727,0.2435778713738291,0.7499999999128443|-0.0871557427476582,0.9961946980917455,0.0|0.5,0.2,1.0;1.4961946980917455,0.2871557427476582,0.9999999998256885;1.4961946980917455,0.2871557427476582,0.49999999982568855;0.5,0.2,0.5
RES|sunk|-2|OPS|vA=13.5|vB=0.0435778713738291
RES|sunk|-2|union|VERDICT|builds|f64=13.5
RES|sunk|-2|union|FACE|true|1.5,0.25,1.0|0.0,0.0,1.0|0.0,2.5,1.0;0.0,-2.0,1.0;3.0,-2.0,1.0;3.0,2.5,1.0
RES|sunk|-2|union|FACE|true|1.5,0.25,0.0|0.0,0.0,-1.0|0.0,-2.0,0.0;0.0,2.5,0.0;3.0,2.5,0.0;3.0,-2.0,0.0
RES|sunk|-2|union|FACE|true|1.5,-2.0,0.5|0.0,-1.0,0.0|3.0,-2.0,1.0;0.0,-2.0,1.0;0.0,-2.0,0.0;3.0,-2.0,0.0
RES|sunk|-2|union|FACE|true|3.0,0.25,0.5|1.0,0.0,0.0|3.0,2.5,1.0;3.0,-2.0,1.0;3.0,-2.0,0.0;3.0,2.5,0.0
RES|sunk|-2|union|FACE|true|1.5,2.5,0.5|0.0,1.0,0.0|0.0,2.5,1.0;3.0,2.5,1.0;3.0,2.5,0.0;0.0,2.5,0.0
RES|sunk|-2|union|FACE|true|0.0,0.25,0.5|-1.0,0.0,0.0|0.0,-2.0,1.0;0.0,2.5,1.0;0.0,2.5,0.0;0.0,-2.0,0.0
RES|sunk|-2|intersect|VERDICT|builds|f64=0.043577871376734294
RES|sunk|-2|intersect|FACE|true|0.9980973490458727,0.2435778713738291,0.7499999999128443|-0.0871557427476582,0.9961946980917455,0.0|1.4961946980917455,0.2871557427476582,0.9999999998256885;1.4961946980917455,0.2871557427476582,0.49999999982568855;0.5,0.2,0.5;0.5,0.2,1.0
RES|sunk|-2|intersect|FACE|true|1.9961946980917453,0.2871557427476582,0.7499999998256885|0.0,1.0,0.0|2.4961946980917453,0.2871557427476582,0.9999999998256885;2.4961946980917453,0.2871557427476582,0.49999999982568855;1.4961946980917455,0.2871557427476582,0.49999999982568855;1.4961946980917455,0.2871557427476582,0.9999999998256885
RES|sunk|-2|intersect|FACE|true|1.9980973490458727,0.24357787137382908,0.7499999999128443|0.08715574274765821,-0.9961946980917455,0.0|1.5,0.2,1.0;1.5,0.2,0.5;2.4961946980917453,0.2871557427476582,0.49999999982568855;2.4961946980917453,0.2871557427476582,0.9999999998256885
RES|sunk|-2|intersect|FACE|true|1.0,0.2,0.75|0.0,-1.0,0.0|0.5,0.2,1.0;0.5,0.2,0.5;1.5,0.2,0.5;1.5,0.2,1.0
RES|sunk|-2|intersect|FACE|true|1.5,0.25,1.0|0.0,0.0,1.0|2.4961946980917453,0.2871557427476582,0.9999999998256885;1.4961946980917455,0.2871557427476582,0.9999999998256885;0.5,0.2,1.0;1.5,0.2,1.0
RES|sunk|-2|intersect|FACE|true|1.4980973490458727,0.24357787137382908,0.4999999999128443|0.0,-1.9999996404640357e-9,-1.0|0.5,0.2,0.5;1.4961946980917455,0.2871557427476582,0.49999999982568855;2.4961946980917453,0.2871557427476582,0.49999999982568855;1.5,0.2,0.5
RES|sunk|-2|AminusB|VERDICT|builds|f64=13.456422128623265
RES|sunk|-2|AminusB|FACE|true|1.5,0.25,1.0|0.0,0.0,1.0|0.0,2.5,1.0;0.0,-2.0,1.0;3.0,-2.0,1.0;3.0,2.5,1.0#1.4961946980917455,0.2871557427476582,0.9999999998256885;2.4961946980917453,0.2871557427476582,0.9999999998256885;1.5,0.2,1.0;0.5,0.2,1.0
RES|sunk|-2|AminusB|FACE|true|1.5,0.25,0.0|0.0,0.0,-1.0|0.0,-2.0,0.0;0.0,2.5,0.0;3.0,2.5,0.0;3.0,-2.0,0.0
RES|sunk|-2|AminusB|FACE|true|1.5,-2.0,0.5|0.0,-1.0,0.0|3.0,-2.0,1.0;0.0,-2.0,1.0;0.0,-2.0,0.0;3.0,-2.0,0.0
RES|sunk|-2|AminusB|FACE|true|3.0,0.25,0.5|1.0,0.0,0.0|3.0,2.5,1.0;3.0,-2.0,1.0;3.0,-2.0,0.0;3.0,2.5,0.0
RES|sunk|-2|AminusB|FACE|true|1.5,2.5,0.5|0.0,1.0,0.0|0.0,2.5,1.0;3.0,2.5,1.0;3.0,2.5,0.0;0.0,2.5,0.0
RES|sunk|-2|AminusB|FACE|true|0.0,0.25,0.5|-1.0,0.0,0.0|0.0,-2.0,1.0;0.0,2.5,1.0;0.0,2.5,0.0;0.0,-2.0,0.0
RES|sunk|-2|AminusB|FACE|true|1.0,0.2,0.75|-0.0,1.0,-0.0|1.5,0.2,1.0;1.5,0.2,0.5;0.5,0.2,0.5;0.5,0.2,1.0
RES|sunk|-2|AminusB|FACE|true|1.4980973490458727,0.24357787137382908,0.4999999999128443|-0.0,1.9999996404640357e-9,1.0|0.5,0.2,0.5;1.5,0.2,0.5;2.4961946980917453,0.2871557427476582,0.49999999982568855;1.4961946980917455,0.2871557427476582,0.49999999982568855
RES|sunk|-2|AminusB|FACE|true|1.9980973490458727,0.24357787137382908,0.7499999999128443|-0.08715574274765821,0.9961946980917455,-0.0|2.4961946980917453,0.2871557427476582,0.9999999998256885;2.4961946980917453,0.2871557427476582,0.49999999982568855;1.5,0.2,0.5;1.5,0.2,1.0
RES|sunk|-2|AminusB|FACE|true|1.9961946980917453,0.2871557427476582,0.7499999998256885|-0.0,-1.0,-0.0|1.4961946980917455,0.2871557427476582,0.9999999998256885;1.4961946980917455,0.2871557427476582,0.49999999982568855;2.4961946980917453,0.2871557427476582,0.49999999982568855;2.4961946980917453,0.2871557427476582,0.9999999998256885
RES|sunk|-2|AminusB|FACE|true|0.9980973490458727,0.2435778713738291,0.7499999999128443|0.0871557427476582,-0.9961946980917455,-0.0|0.5,0.2,1.0;0.5,0.2,0.5;1.4961946980917455,0.2871557427476582,0.49999999982568855;1.4961946980917455,0.2871557427476582,0.9999999998256885
RES|sunk|-2|BminusA|VERDICT|empty
