RES|eps=1e-6|zero=1e-6|nobackstop=false
RES|block|FACE|true|1.5,0.25,1.0|0.0,0.0,1.0|0.0,2.5,1.0;0.0,-2.0,1.0;3.0,-2.0,1.0;3.0,2.5,1.0
RES|block|FACE|true|1.5,0.25,0.0|0.0,0.0,-1.0|0.0,-2.0,0.0;0.0,2.5,0.0;3.0,2.5,0.0;3.0,-2.0,0.0
RES|block|FACE|true|1.5,-2.0,0.5|0.0,-1.0,0.0|3.0,-2.0,1.0;0.0,-2.0,1.0;0.0,-2.0,0.0;3.0,-2.0,0.0
RES|block|FACE|true|3.0,0.25,0.5|1.0,0.0,0.0|3.0,2.5,1.0;3.0,-2.0,1.0;3.0,-2.0,0.0;3.0,2.5,0.0
RES|block|FACE|true|1.5,2.5,0.5|0.0,1.0,0.0|0.0,2.5,1.0;3.0,2.5,1.0;3.0,2.5,0.0;0.0,2.5,0.0
RES|block|FACE|true|0.0,0.25,0.5|-1.0,0.0,0.0|0.0,-2.0,1.0;0.0,2.5,1.0;0.0,2.5,0.0;0.0,-2.0,0.0
RES|standing|1.2|tool|FACE|true|1.4980973490458727,0.2435778713738291,2.0000000522934456|0.0,-1.199999998282352e-6,0.9999999999992799|1.4961946980917455,0.2871557427476582,2.000000104586891;0.5,0.2,2.0;1.5,0.2,2.0;2.4961946980917453,0.2871557427476582,2.000000104586891
RES|standing|1.2|tool|FACE|true|1.4980973490458727,0.24357787137382908,1.0000000522934456|0.0,1.200000000830028e-6,-0.9999999999992799|0.5,0.2,1.0;1.4961946980917455,0.2871557427476582,1.0000001045868914;2.4961946980917453,0.2871557427476582,1.0000001045868914;1.5,0.2,1.0
RES|standing|1.2|tool|FACE|true|1.0,0.2,1.5|0.0,-1.0,0.0|1.5,0.2,2.0;0.5,0.2,2.0;0.5,0.2,1.0;1.5,0.2,1.0
RES|standing|1.2|tool|FACE|true|1.9980973490458727,0.24357787137382908,1.5000000522934456|0.08715574274765822,-0.9961946980917455,0.0|2.4961946980917453,0.2871557427476582,2.000000104586891;1.5,0.2,2.0;1.5,0.2,1.0;2.4961946980917453,0.2871557427476582,1.0000001045868914
RES|standing|1.2|tool|FACE|true|1.9961946980917453,0.2871557427476582,1.5000001045868914|0.0,1.0,0.0|1.4961946980917455,0.2871557427476582,2.000000104586891;2.4961946980917453,0.2871557427476582,2.000000104586891;2.4961946980917453,0.2871557427476582,1.0000001045868914;1.4961946980917455,0.2871557427476582,1.0000001045868914
RES|standing|1.2|tool|FACE|true|0.9980973490458727,0.2435778713738291,1.5000000522934456|-0.08715574274765821,0.9961946980917455,0.0|0.5,0.2,2.0;1.4961946980917455,0.2871557427476582,2.000000104586891;1.4961946980917455,0.2871557427476582,1.0000001045868914;0.5,0.2,1.0
RES|standing|1.2|OPS|vA=13.5|vB=0.0871557427476582
RES|standing|1.2|union|VERDICT|refused|ResultVolumeImplausible { which: "vol(A ∪ B) ≤ vol(A) + vol(B)", got: "13.587155744490772", bound: "13.587155742747658" }
RES|standing|1.2|intersect|VERDICT|empty
RES|standing|1.2|AminusB|VERDICT|builds|f64=13.5
RES|standing|1.2|AminusB|FACE|true|1.5,0.25,1.0|0.0,0.0,1.0|0.0,2.5,1.0;0.0,-2.0,1.0;3.0,-2.0,1.0;3.0,2.5,1.0
RES|standing|1.2|AminusB|FACE|true|1.5,0.25,0.0|0.0,0.0,-1.0|0.0,-2.0,0.0;0.0,2.5,0.0;3.0,2.5,0.0;3.0,-2.0,0.0
RES|standing|1.2|AminusB|FACE|true|1.5,-2.0,0.5|0.0,-1.0,0.0|3.0,-2.0,1.0;0.0,-2.0,1.0;0.0,-2.0,0.0;3.0,-2.0,0.0
RES|standing|1.2|AminusB|FACE|true|3.0,0.25,0.5|1.0,0.0,0.0|3.0,2.5,1.0;3.0,-2.0,1.0;3.0,-2.0,0.0;3.0,2.5,0.0
RES|standing|1.2|AminusB|FACE|true|1.5,2.5,0.5|0.0,1.0,0.0|0.0,2.5,1.0;3.0,2.5,1.0;3.0,2.5,0.0;0.0,2.5,0.0
RES|standing|1.2|AminusB|FACE|true|0.0,0.25,0.5|-1.0,0.0,0.0|0.0,-2.0,1.0;0.0,2.5,1.0;0.0,2.5,0.0;0.0,-2.0,0.0
RES|standing|1.2|BminusA|VERDICT|builds|f64=0.0871557427476582
RES|standing|1.2|BminusA|FACE|true|1.4980973490458727,0.2435778713738291,2.0000000522934456|0.0,-1.199999998282352e-6,0.9999999999992799|1.4961946980917455,0.2871557427476582,2.000000104586891;0.5,0.2,2.0;1.5,0.2,2.0;2.4961946980917453,0.2871557427476582,2.000000104586891
RES|standing|1.2|BminusA|FACE|true|1.4980973490458727,0.24357787137382908,1.0000000522934456|0.0,1.200000000830028e-6,-0.9999999999992799|0.5,0.2,1.0;1.4961946980917455,0.2871557427476582,1.0000001045868914;2.4961946980917453,0.2871557427476582,1.0000001045868914;1.5,0.2,1.0
RES|standing|1.2|BminusA|FACE|true|1.0,0.2,1.5|0.0,-1.0,0.0|1.5,0.2,2.0;0.5,0.2,2.0;0.5,0.2,1.0;1.5,0.2,1.0
RES|standing|1.2|BminusA|FACE|true|1.9980973490458727,0.24357787137382908,1.5000000522934456|0.08715574274765822,-0.9961946980917455,0.0|2.4961946980917453,0.2871557427476582,2.000000104586891;1.5,0.2,2.0;1.5,0.2,1.0;2.4961946980917453,0.2871557427476582,1.0000001045868914
RES|standing|1.2|BminusA|FACE|true|1.9961946980917453,0.2871557427476582,1.5000001045868914|0.0,1.0,0.0|1.4961946980917455,0.2871557427476582,2.000000104586891;2.4961946980917453,0.2871557427476582,2.000000104586891;2.4961946980917453,0.2871557427476582,1.0000001045868914;1.4961946980917455,0.2871557427476582,1.0000001045868914
RES|standing|1.2|BminusA|FACE|true|0.9980973490458727,0.2435778713738291,1.5000000522934456|-0.08715574274765821,0.9961946980917455,0.0|0.5,0.2,2.0;1.4961946980917455,0.2871557427476582,2.000000104586891;1.4961946980917455,0.2871557427476582,1.0000001045868914;0.5,0.2,1.0
RES|standing|-1.2|tool|FACE|true|1.4980973490458727,0.2435778713738291,1.9999999477065544|0.0,1.199999998282352e-6,0.9999999999992799|1.4961946980917455,0.2871557427476582,1.9999998954131089;0.5,0.2,2.0;1.5,0.2,2.0;2.4961946980917453,0.2871557427476582,1.9999998954131089
RES|standing|-1.2|tool|FACE|true|1.4980973490458727,0.24357787137382908,0.9999999477065544|0.0,-1.19999999955619e-6,-0.9999999999992799|0.5,0.2,1.0;1.4961946980917455,0.2871557427476582,0.9999998954131087;2.4961946980917453,0.2871557427476582,0.9999998954131087;1.5,0.2,1.0
RES|standing|-1.2|tool|FACE|true|1.0,0.2,1.5|0.0,-1.0,0.0|1.5,0.2,2.0;0.5,0.2,2.0;0.5,0.2,1.0;1.5,0.2,1.0
RES|standing|-1.2|tool|FACE|true|1.9980973490458727,0.24357787137382908,1.4999999477065544|0.08715574274765821,-0.9961946980917455,0.0|2.4961946980917453,0.2871557427476582,1.9999998954131089;1.5,0.2,2.0;1.5,0.2,1.0;2.4961946980917453,0.2871557427476582,0.9999998954131087
RES|standing|-1.2|tool|FACE|true|1.9961946980917453,0.2871557427476582,1.4999998954131089|0.0,1.0,0.0|1.4961946980917455,0.2871557427476582,1.9999998954131089;2.4961946980917453,0.2871557427476582,1.9999998954131089;2.4961946980917453,0.2871557427476582,0.9999998954131087;1.4961946980917455,0.2871557427476582,0.9999998954131087
RES|standing|-1.2|tool|FACE|true|0.9980973490458727,0.2435778713738291,1.4999999477065544|-0.0871557427476582,0.9961946980917457,0.0|0.5,0.2,2.0;1.4961946980917455,0.2871557427476582,1.9999998954131089;1.4961946980917455,0.2871557427476582,0.9999998954131087;0.5,0.2,1.0
RES|standing|-1.2|OPS|vA=13.5|vB=0.0871557427476582
RES|standing|-1.2|union|VERDICT|builds|f64=13.587155741004542
RES|standing|-1.2|union|FACE|true|1.5,0.25,1.0|0.0,0.0,1.0|0.0,2.5,1.0;0.0,-2.0,1.0;3.0,-2.0,1.0;3.0,2.5,1.0#1.4961946980917455,0.2871557427476582,0.9999998954131087;2.4961946980917453,0.2871557427476582,0.9999998954131087;1.5,0.2,1.0;0.5,0.2,1.0
RES|standing|-1.2|union|FACE|true|1.5,0.25,0.0|0.0,0.0,-1.0|0.0,-2.0,0.0;0.0,2.5,0.0;3.0,2.5,0.0;3.0,-2.0,0.0
RES|standing|-1.2|union|FACE|true|1.5,-2.0,0.5|0.0,-1.0,0.0|3.0,-2.0,1.0;0.0,-2.0,1.0;0.0,-2.0,0.0;3.0,-2.0,0.0
RES|standing|-1.2|union|FACE|true|3.0,0.25,0.5|1.0,0.0,0.0|3.0,2.5,1.0;3.0,-2.0,1.0;3.0,-2.0,0.0;3.0,2.5,0.0
RES|standing|-1.2|union|FACE|true|1.5,2.5,0.5|0.0,1.0,0.0|0.0,2.5,1.0;3.0,2.5,1.0;3.0,2.5,0.0;0.0,2.5,0.0
RES|standing|-1.2|union|FACE|true|0.0,0.25,0.5|-1.0,0.0,0.0|0.0,-2.0,1.0;0.0,2.5,1.0;0.0,2.5,0.0;0.0,-2.0,0.0
RES|standing|-1.2|union|FACE|true|1.0,0.2,1.5|0.0,-1.0,0.0|1.5,0.2,1.0;1.5,0.2,2.0;0.5,0.2,2.0;0.5,0.2,1.0
RES|standing|-1.2|union|FACE|true|1.4980973490458727,0.2435778713738291,1.9999999477065544|0.0,1.199999998282352e-6,0.9999999999992799|1.4961946980917455,0.2871557427476582,1.9999998954131089;0.5,0.2,2.0;1.5,0.2,2.0;2.4961946980917453,0.2871557427476582,1.9999998954131089
RES|standing|-1.2|union|FACE|true|1.9980973490458727,0.24357787137382908,1.4999999477065544|0.08715574274765821,-0.9961946980917455,0.0|2.4961946980917453,0.2871557427476582,0.9999998954131087;2.4961946980917453,0.2871557427476582,1.9999998954131089;1.5,0.2,2.0;1.5,0.2,1.0
RES|standing|-1.2|union|FACE|true|1.9961946980917453,0.2871557427476582,1.4999998954131089|0.0,1.0,0.0|1.4961946980917455,0.2871557427476582,0.9999998954131087;1.4961946980917455,0.2871557427476582,1.9999998954131089;2.4961946980917453,0.2871557427476582,1.9999998954131089;2.4961946980917453,0.2871557427476582,0.9999998954131087
RES|standing|-1.2|union|FACE|true|0.9980973490458727,0.2435778713738291,1.4999999477065544|-0.0871557427476582,0.9961946980917457,0.0|0.5,0.2,1.0;0.5,0.2,2.0;1.4961946980917455,0.2871557427476582,1.9999998954131089;1.4961946980917455,0.2871557427476582,0.9999998954131087
RES|standing|-1.2|intersect|VERDICT|empty
RES|standing|-1.2|AminusB|VERDICT|builds|f64=13.5
RES|standing|-1.2|AminusB|FACE|true|1.5,0.25,1.0|0.0,0.0,1.0|0.0,2.5,1.0;0.0,-2.0,1.0;3.0,-2.0,1.0;3.0,2.5,1.0
RES|standing|-1.2|AminusB|FACE|true|1.5,0.25,0.0|0.0,0.0,-1.0|0.0,-2.0,0.0;0.0,2.5,0.0;3.0,2.5,0.0;3.0,-2.0,0.0
RES|standing|-1.2|AminusB|FACE|true|1.5,-2.0,0.5|0.0,-1.0,0.0|3.0,-2.0,1.0;0.0,-2.0,1.0;0.0,-2.0,0.0;3.0,-2.0,0.0
RES|standing|-1.2|AminusB|FACE|true|3.0,0.25,0.5|1.0,0.0,0.0|3.0,2.5,1.0;3.0,-2.0,1.0;3.0,-2.0,0.0;3.0,2.5,0.0
RES|standing|-1.2|AminusB|FACE|true|1.5,2.5,0.5|0.0,1.0,0.0|0.0,2.5,1.0;3.0,2.5,1.0;3.0,2.5,0.0;0.0,2.5,0.0
RES|standing|-1.2|AminusB|FACE|true|0.0,0.25,0.5|-1.0,0.0,0.0|0.0,-2.0,1.0;0.0,2.5,1.0;0.0,2.5,0.0;0.0,-2.0,0.0
RES|standing|-1.2|BminusA|VERDICT|builds|f64=0.0871557427476582
RES|standing|-1.2|BminusA|FACE|true|1.4980973490458727,0.2435778713738291,1.9999999477065544|0.0,1.199999998282352e-6,0.9999999999992799|1.4961946980917455,0.2871557427476582,1.9999998954131089;0.5,0.2,2.0;1.5,0.2,2.0;2.4961946980917453,0.2871557427476582,1.9999998954131089
RES|standing|-1.2|BminusA|FACE|true|1.4980973490458727,0.24357787137382908,0.9999999477065544|0.0,-1.19999999955619e-6,-0.9999999999992799|0.5,0.2,1.0;1.4961946980917455,0.2871557427476582,0.9999998954131087;2.4961946980917453,0.2871557427476582,0.9999998954131087;1.5,0.2,1.0
RES|standing|-1.2|BminusA|FACE|true|1.0,0.2,1.5|0.0,-1.0,0.0|1.5,0.2,2.0;0.5,0.2,2.0;0.5,0.2,1.0;1.5,0.2,1.0
RES|standing|-1.2|BminusA|FACE|true|1.9980973490458727,0.24357787137382908,1.4999999477065544|0.08715574274765821,-0.9961946980917455,0.0|2.4961946980917453,0.2871557427476582,1.9999998954131089;1.5,0.2,2.0;1.5,0.2,1.0;2.4961946980917453,0.2871557427476582,0.9999998954131087
RES|standing|-1.2|BminusA|FACE|true|1.9961946980917453,0.2871557427476582,1.4999998954131089|0.0,1.0,0.0|1.4961946980917455,0.2871557427476582,1.9999998954131089;2.4961946980917453,0.2871557427476582,1.9999998954131089;2.4961946980917453,0.2871557427476582,0.9999998954131087;1.4961946980917455,0.2871557427476582,0.9999998954131087
RES|standing|-1.2|BminusA|FACE|true|0.9980973490458727,0.2435778713738291,1.4999999477065544|-0.0871557427476582,0.9961946980917457,0.0|0.5,0.2,2.0;1.4961946980917455,0.2871557427476582,1.9999998954131089;1.4961946980917455,0.2871557427476582,0.9999998954131087;0.5,0.2,1.0
RES|sunk|1.2|tool|FACE|true|1.4980973490458727,0.2435778713738291,1.0000000522934456|0.0,-1.200000000830028e-6,0.9999999999992799|1.4961946980917455,0.2871557427476582,1.0000001045868914;0.5,0.2,1.0;1.5,0.2,1.0;2.4961946980917453,0.2871557427476582,1.0000001045868914
RES|sunk|1.2|tool|FACE|true|1.4980973490458727,0.24357787137382908,0.5000000522934457|0.0,1.200000000830028e-6,-0.9999999999992799|0.5,0.2,0.5;1.4961946980917455,0.2871557427476582,0.5000001045868914;2.4961946980917453,0.2871557427476582,0.5000001045868914;1.5,0.2,0.5
RES|sunk|1.2|tool|FACE|true|1.0,0.2,0.75|0.0,-1.0,0.0|1.5,0.2,1.0;0.5,0.2,1.0;0.5,0.2,0.5;1.5,0.2,0.5
RES|sunk|1.2|tool|FACE|true|1.9980973490458727,0.24357787137382908,0.7500000522934457|0.08715574274765821,-0.9961946980917455,0.0|2.4961946980917453,0.2871557427476582,1.0000001045868914;1.5,0.2,1.0;1.5,0.2,0.5;2.4961946980917453,0.2871557427476582,0.5000001045868914
RES|sunk|1.2|tool|FACE|true|1.9961946980917453,0.2871557427476582,0.7500001045868914|0.0,1.0,0.0|1.4961946980917455,0.2871557427476582,1.0000001045868914;2.4961946980917453,0.2871557427476582,1.0000001045868914;2.4961946980917453,0.2871557427476582,0.5000001045868914;1.4961946980917455,0.2871557427476582,0.5000001045868914
RES|sunk|1.2|tool|FACE|true|0.9980973490458727,0.2435778713738291,0.7500000522934456|-0.0871557427476582,0.9961946980917455,0.0|0.5,0.2,1.0;1.4961946980917455,0.2871557427476582,1.0000001045868914;1.4961946980917455,0.2871557427476582,0.5000001045868914;0.5,0.2,0.5
RES|sunk|1.2|OPS|vA=13.5|vB=0.04357787137382909
RES|sunk|1.2|union|VERDICT|builds|f64=13.5
RES|sunk|1.2|union|FACE|true|1.5,0.25,1.0|0.0,0.0,1.0|0.0,2.5,1.0;0.0,-2.0,1.0;3.0,-2.0,1.0;3.0,2.5,1.0
RES|sunk|1.2|union|FACE|true|1.5,0.25,0.0|0.0,0.0,-1.0|0.0,-2.0,0.0;0.0,2.5,0.0;3.0,2.5,0.0;3.0,-2.0,0.0
RES|sunk|1.2|union|FACE|true|1.5,-2.0,0.5|0.0,-1.0,0.0|3.0,-2.0,1.0;0.0,-2.0,1.0;0.0,-2.0,0.0;3.0,-2.0,0.0
RES|sunk|1.2|union|FACE|true|3.0,0.25,0.5|1.0,0.0,0.0|3.0,2.5,1.0;3.0,-2.0,1.0;3.0,-2.0,0.0;3.0,2.5,0.0
RES|sunk|1.2|union|FACE|true|1.5,2.5,0.5|0.0,1.0,0.0|0.0,2.5,1.0;3.0,2.5,1.0;3.0,2.5,0.0;0.0,2.5,0.0
RES|sunk|1.2|union|FACE|true|0.0,0.25,0.5|-1.0,0.0,0.0|0.0,-2.0,1.0;0.0,2.5,1.0;0.0,2.5,0.0;0.0,-2.0,0.0
RES|sunk|1.2|intersect|VERDICT|builds|f64=0.04357786963071424
RES|sunk|1.2|intersect|FACE|true|0.9980973490458727,0.2435778713738291,0.7500000522934456|-0.0871557427476582,0.9961946980917455,0.0|1.4961946980917455,0.2871557427476582,1.0000001045868914;1.4961946980917455,0.2871557427476582,0.5000001045868914;0.5,0.2,0.5;0.5,0.2,1.0
RES|sunk|1.2|intersect|FACE|true|1.9961946980917453,0.2871557427476582,0.7500001045868914|0.0,1.0,0.0|2.4961946980917453,0.2871557427476582,1.0000001045868914;2.4961946980917453,0.2871557427476582,0.5000001045868914;1.4961946980917455,0.2871557427476582,0.5000001045868914;1.4961946980917455,0.2871557427476582,1.0000001045868914
RES|sunk|1.2|intersect|FACE|true|1.9980973490458727,0.24357787137382908,0.7500000522934457|0.08715574274765821,-0.9961946980917455,0.0|1.5,0.2,1.0;1.5,0.2,0.5;2.4961946980917453,0.2871557427476582,0.5000001045868914;2.4961946980917453,0.2871557427476582,1.0000001045868914
RES|sunk|1.2|intersect|FACE|true|1.0,0.2,0.75|0.0,-1.0,0.0|0.5,0.2,1.0;0.5,0.2,0.5;1.5,0.2,0.5;1.5,0.2,1.0
RES|sunk|1.2|intersect|FACE|true|1.5,0.25,1.0|0.0,0.0,1.0|2.4961946980917453,0.2871557427476582,1.0000001045868914;1.4961946980917455,0.2871557427476582,1.0000001045868914;0.5,0.2,1.0;1.5,0.2,1.0
RES|sunk|1.2|intersect|FACE|true|1.4980973490458727,0.24357787137382908,0.5000000522934457|0.0,1.200000000830028e-6,-0.9999999999992799|0.5,0.2,0.5;1.4961946980917455,0.2871557427476582,0.5000001045868914;2.4961946980917453,0.2871557427476582,0.5000001045868914;1.5,0.2,0.5
RES|sunk|1.2|AminusB|VERDICT|builds|f64=13.456422130369285
RES|sunk|1.2|AminusB|FACE|true|1.5,0.25,1.0|0.0,0.0,1.0|0.0,2.5,1.0;0.0,-2.0,1.0;3.0,-2.0,1.0;3.0,2.5,1.0#1.4961946980917455,0.2871557427476582,1.0000001045868914;2.4961946980917453,0.2871557427476582,1.0000001045868914;1.5,0.2,1.0;0.5,0.2,1.0
RES|sunk|1.2|AminusB|FACE|true|1.5,0.25,0.0|0.0,0.0,-1.0|0.0,-2.0,0.0;0.0,2.5,0.0;3.0,2.5,0.0;3.0,-2.0,0.0
RES|sunk|1.2|AminusB|FACE|true|1.5,-2.0,0.5|0.0,-1.0,0.0|3.0,-2.0,1.0;0.0,-2.0,1.0;0.0,-2.0,0.0;3.0,-2.0,0.0
RES|sunk|1.2|AminusB|FACE|true|3.0,0.25,0.5|1.0,0.0,0.0|3.0,2.5,1.0;3.0,-2.0,1.0;3.0,-2.0,0.0;3.0,2.5,0.0
RES|sunk|1.2|AminusB|FACE|true|1.5,2.5,0.5|0.0,1.0,0.0|0.0,2.5,1.0;3.0,2.5,1.0;3.0,2.5,0.0;0.0,2.5,0.0
RES|sunk|1.2|AminusB|FACE|true|0.0,0.25,0.5|-1.0,0.0,0.0|0.0,-2.0,1.0;0.0,2.5,1.0;0.0,2.5,0.0;0.0,-2.0,0.0
RES|sunk|1.2|AminusB|FACE|true|1.0,0.2,0.75|-0.0,1.0,-0.0|1.5,0.2,1.0;1.5,0.2,0.5;0.5,0.2,0.5;0.5,0.2,1.0
RES|sunk|1.2|AminusB|FACE|true|1.4980973490458727,0.24357787137382908,0.5000000522934457|-0.0,-1.200000000830028e-6,0.9999999999992799|0.5,0.2,0.5;1.5,0.2,0.5;2.4961946980917453,0.2871557427476582,0.5000001045868914;1.4961946980917455,0.2871557427476582,0.5000001045868914
RES|sunk|1.2|AminusB|FACE|true|1.9980973490458727,0.24357787137382908,0.7500000522934457|-0.08715574274765821,0.9961946980917455,-0.0|2.4961946980917453,0.2871557427476582,1.0000001045868914;2.4961946980917453,0.2871557427476582,0.5000001045868914;1.5,0.2,0.5;1.5,0.2,1.0
RES|sunk|1.2|AminusB|FACE|true|1.9961946980917453,0.2871557427476582,0.7500001045868914|-0.0,-1.0,-0.0|1.4961946980917455,0.2871557427476582,1.0000001045868914;1.4961946980917455,0.2871557427476582,0.5000001045868914;2.4961946980917453,0.2871557427476582,0.5000001045868914;2.4961946980917453,0.2871557427476582,1.0000001045868914
RES|sunk|1.2|AminusB|FACE|true|0.9980973490458727,0.2435778713738291,0.7500000522934456|0.0871557427476582,-0.9961946980917455,-0.0|0.5,0.2,1.0;0.5,0.2,0.5;1.4961946980917455,0.2871557427476582,0.5000001045868914;1.4961946980917455,0.2871557427476582,1.0000001045868914
RES|sunk|1.2|BminusA|VERDICT|empty
RES|sunk|-1.2|tool|FACE|true|1.4980973490458727,0.2435778713738291,0.9999999477065544|0.0,1.19999999955619e-6,0.9999999999992799|1.4961946980917455,0.2871557427476582,0.9999998954131087;0.5,0.2,1.0;1.5,0.2,1.0;2.4961946980917453,0.2871557427476582,0.9999998954131087
RES|sunk|-1.2|tool|FACE|true|1.4980973490458727,0.24357787137382908,0.49999994770655437|0.0,-1.19999999955619e-6,-0.9999999999992799|0.5,0.2,0.5;1.4961946980917455,0.2871557427476582,0.49999989541310874;2.4961946980917453,0.2871557427476582,0.49999989541310874;1.5,0.2,0.5
RES|sunk|-1.2|tool|FACE|true|1.0,0.2,0.75|0.0,-1.0,0.0|1.5,0.2,1.0;0.5,0.2,1.0;0.5,0.2,0.5;1.5,0.2,0.5
RES|sunk|-1.2|tool|FACE|true|1.9980973490458727,0.24357787137382908,0.7499999477065544|0.08715574274765821,-0.9961946980917455,0.0|2.4961946980917453,0.2871557427476582,0.9999998954131087;1.5,0.2,1.0;1.5,0.2,0.5;2.4961946980917453,0.2871557427476582,0.49999989541310874
RES|sunk|-1.2|tool|FACE|true|1.9961946980917453,0.2871557427476582,0.7499998954131087|0.0,1.0,0.0|1.4961946980917455,0.2871557427476582,0.9999998954131087;2.4961946980917453,0.2871557427476582,0.9999998954131087;2.4961946980917453,0.2871557427476582,0.49999989541310874;1.4961946980917455,0.2871557427476582,0.49999989541310874
RES|sunk|-1.2|tool|FACE|true|0.9980973490458727,0.2435778713738291,0.7499999477065544|-0.0871557427476582,0.9961946980917455,0.0|0.5,0.2,1.0;1.4961946980917455,0.2871557427476582,0.9999998954131087;1.4961946980917455,0.2871557427476582,0.49999989541310874;0.5,0.2,0.5
RES|sunk|-1.2|OPS|vA=13.5|vB=0.0435778713738291
RES|sunk|-1.2|union|VERDICT|builds|f64=13.5
RES|sunk|-1.2|union|FACE|true|1.5,0.25,1.0|0.0,0.0,1.0|0.0,2.5,1.0;0.0,-2.0,1.0;3.0,-2.0,1.0;3.0,2.5,1.0
RES|sunk|-1.2|union|FACE|true|1.5,0.25,0.0|0.0,0.0,-1.0|0.0,-2.0,0.0;0.0,2.5,0.0;3.0,2.5,0.0;3.0,-2.0,0.0
RES|sunk|-1.2|union|FACE|true|1.5,-2.0,0.5|0.0,-1.0,0.0|3.0,-2.0,1.0;0.0,-2.0,1.0;0.0,-2.0,0.0;3.0,-2.0,0.0
RES|sunk|-1.2|union|FACE|true|3.0,0.25,0.5|1.0,0.0,0.0|3.0,2.5,1.0;3.0,-2.0,1.0;3.0,-2.0,0.0;3.0,2.5,0.0
RES|sunk|-1.2|union|FACE|true|1.5,2.5,0.5|0.0,1.0,0.0|0.0,2.5,1.0;3.0,2.5,1.0;3.0,2.5,0.0;0.0,2.5,0.0
RES|sunk|-1.2|union|FACE|true|0.0,0.25,0.5|-1.0,0.0,0.0|0.0,-2.0,1.0;0.0,2.5,1.0;0.0,2.5,0.0;0.0,-2.0,0.0
RES|sunk|-1.2|intersect|VERDICT|builds|f64=0.043577873116943944
RES|sunk|-1.2|intersect|FACE|true|0.9980973490458727,0.2435778713738291,0.7499999477065544|-0.0871557427476582,0.9961946980917455,0.0|1.4961946980917455,0.2871557427476582,0.9999998954131087;1.4961946980917455,0.2871557427476582,0.49999989541310874;0.5,0.2,0.5;0.5,0.2,1.0
RES|sunk|-1.2|intersect|FACE|true|1.9961946980917453,0.2871557427476582,0.7499998954131087|0.0,1.0,0.0|2.4961946980917453,0.2871557427476582,0.9999998954131087;2.4961946980917453,0.2871557427476582,0.49999989541310874;1.4961946980917455,0.2871557427476582,0.49999989541310874;1.4961946980917455,0.2871557427476582,0.9999998954131087
RES|sunk|-1.2|intersect|FACE|true|1.9980973490458727,0.24357787137382908,0.7499999477065544|0.08715574274765821,-0.9961946980917455,0.0|1.5,0.2,1.0;1.5,0.2,0.5;2.4961946980917453,0.2871557427476582,0.49999989541310874;2.4961946980917453,0.2871557427476582,0.9999998954131087
RES|sunk|-1.2|intersect|FACE|true|1.0,0.2,0.75|0.0,-1.0,0.0|0.5,0.2,1.0;0.5,0.2,0.5;1.5,0.2,0.5;1.5,0.2,1.0
RES|sunk|-1.2|intersect|FACE|true|1.5,0.25,1.0|0.0,0.0,1.0|2.4961946980917453,0.2871557427476582,0.9999998954131087;1.4961946980917455,0.2871557427476582,0.9999998954131087;0.5,0.2,1.0;1.5,0.2,1.0
RES|sunk|-1.2|intersect|FACE|true|1.4980973490458727,0.24357787137382908,0.49999994770655437|0.0,-1.19999999955619e-6,-0.9999999999992799|0.5,0.2,0.5;1.4961946980917455,0.2871557427476582,0.49999989541310874;2.4961946980917453,0.2871557427476582,0.49999989541310874;1.5,0.2,0.5
RES|sunk|-1.2|AminusB|VERDICT|refused|ResultVolumeImplausible { which: "vol(A ∖ B) ≥ vol(A) − vol(B)", got: "13.456422126883057", bound: "13.456422128626171" }
RES|sunk|-1.2|BminusA|VERDICT|empty
RES|sunk|2|tool|FACE|true|1.4980973490458727,0.2435778713738291,1.0000000871557426|0.0,-1.9999999996823693e-6,0.9999999999979999|1.4961946980917455,0.2871557427476582,1.0000001743114855;0.5,0.2,1.0;1.5,0.2,1.0;2.4961946980917453,0.2871557427476582,1.0000001743114855
RES|sunk|2|tool|FACE|true|1.4980973490458727,0.24357787137382908,0.5000000871557427|0.0,1.9999999996823693e-6,-0.9999999999979999|0.5,0.2,0.5;1.4961946980917455,0.2871557427476582,0.5000001743114855;2.4961946980917453,0.2871557427476582,0.5000001743114855;1.5,0.2,0.5
RES|sunk|2|tool|FACE|true|1.0,0.2,0.75|0.0,-1.0,0.0|1.5,0.2,1.0;0.5,0.2,1.0;0.5,0.2,0.5;1.5,0.2,0.5
RES|sunk|2|tool|FACE|true|1.9980973490458727,0.24357787137382908,0.7500000871557427|0.08715574274765821,-0.9961946980917455,0.0|2.4961946980917453,0.2871557427476582,1.0000001743114855;1.5,0.2,1.0;1.5,0.2,0.5;2.4961946980917453,0.2871557427476582,0.5000001743114855
RES|sunk|2|tool|FACE|true|1.9961946980917453,0.2871557427476582,0.7500001743114855|0.0,1.0,0.0|1.4961946980917455,0.2871557427476582,1.0000001743114855;2.4961946980917453,0.2871557427476582,1.0000001743114855;2.4961946980917453,0.2871557427476582,0.5000001743114855;1.4961946980917455,0.2871557427476582,0.5000001743114855
RES|sunk|2|tool|FACE|true|0.9980973490458727,0.2435778713738291,0.7500000871557426|-0.0871557427476582,0.9961946980917455,0.0|0.5,0.2,1.0;1.4961946980917455,0.2871557427476582,1.0000001743114855;1.4961946980917455,0.2871557427476582,0.5000001743114855;0.5,0.2,0.5
RES|sunk|2|OPS|vA=13.5|vB=0.04357787137382909
RES|sunk|2|union|VERDICT|builds|f64=13.5
RES|sunk|2|union|FACE|true|1.5,0.25,1.0|0.0,0.0,1.0|0.0,2.5,1.0;0.0,-2.0,1.0;3.0,-2.0,1.0;3.0,2.5,1.0
RES|sunk|2|union|FACE|true|1.5,0.25,0.0|0.0,0.0,-1.0|0.0,-2.0,0.0;0.0,2.5,0.0;3.0,2.5,0.0;3.0,-2.0,0.0
RES|sunk|2|union|FACE|true|1.5,-2.0,0.5|0.0,-1.0,0.0|3.0,-2.0,1.0;0.0,-2.0,1.0;0.0,-2.0,0.0;3.0,-2.0,0.0
RES|sunk|2|union|FACE|true|3.0,0.25,0.5|1.0,0.0,0.0|3.0,2.5,1.0;3.0,-2.0,1.0;3.0,-2.0,0.0;3.0,2.5,0.0
RES|sunk|2|union|FACE|true|1.5,2.5,0.5|0.0,1.0,0.0|0.0,2.5,1.0;3.0,2.5,1.0;3.0,2.5,0.0;0.0,2.5,0.0
RES|sunk|2|union|FACE|true|0.0,0.25,0.5|-1.0,0.0,0.0|0.0,-2.0,1.0;0.0,2.5,1.0;0.0,2.5,0.0;0.0,-2.0,0.0
RES|sunk|2|intersect|VERDICT|builds|f64=0.04357786846863767
RES|sunk|2|intersect|FACE|true|0.9980973490458727,0.2435778713738291,0.7500000871557426|-0.0871557427476582,0.9961946980917455,0.0|1.4961946980917455,0.2871557427476582,1.0000001743114855;1.4961946980917455,0.2871557427476582,0.5000001743114855;0.5,0.2,0.5;0.5,0.2,1.0
RES|sunk|2|intersect|FACE|true|1.9961946980917453,0.2871557427476582,0.7500001743114855|0.0,1.0,0.0|2.4961946980917453,0.2871557427476582,1.0000001743114855;2.4961946980917453,0.2871557427476582,0.5000001743114855;1.4961946980917455,0.2871557427476582,0.5000001743114855;1.4961946980917455,0.2871557427476582,1.0000001743114855
RES|sunk|2|intersect|FACE|true|1.9980973490458727,0.24357787137382908,0.7500000871557427|0.08715574274765821,-0.9961946980917455,0.0|1.5,0.2,1.0;1.5,0.2,0.5;2.4961946980917453,0.2871557427476582,0.5000001743114855;2.4961946980917453,0.2871557427476582,1.0000001743114855
RES|sunk|2|intersect|FACE|true|1.0,0.2,0.75|0.0,-1.0,0.0|0.5,0.2,1.0;0.5,0.2,0.5;1.5,0.2,0.5;1.5,0.2,1.0
RES|sunk|2|intersect|FACE|true|1.5,0.25,1.0|0.0,0.0,1.0|2.4961946980917453,0.2871557427476582,1.0000001743114855;1.4961946980917455,0.2871557427476582,1.0000001743114855;0.5,0.2,1.0;1.5,0.2,1.0
RES|sunk|2|intersect|FACE|true|1.4980973490458727,0.24357787137382908,0.5000000871557427|0.0,1.9999999996823693e-6,-0.9999999999979999|0.5,0.2,0.5;1.4961946980917455,0.2871557427476582,0.5000001743114855;2.4961946980917453,0.2871557427476582,0.5000001743114855;1.5,0.2,0.5
RES|sunk|2|AminusB|VERDICT|builds|f64=13.456422131531362
RES|sunk|2|AminusB|FACE|true|1.5,0.25,1.0|0.0,0.0,1.0|0.0,2.5,1.0;0.0,-2.0,1.0;3.0,-2.0,1.0;3.0,2.5,1.0#1.4961946980917455,0.2871557427476582,1.0000001743114855;2.4961946980917453,0.2871557427476582,1.0000001743114855;1.5,0.2,1.0;0.5,0.2,1.0
RES|sunk|2|AminusB|FACE|true|1.5,0.25,0.0|0.0,0.0,-1.0|0.0,-2.0,0.0;0.0,2.5,0.0;3.0,2.5,0.0;3.0,-2.0,0.0
RES|sunk|2|AminusB|FACE|true|1.5,-2.0,0.5|0.0,-1.0,0.0|3.0,-2.0,1.0;0.0,-2.0,1.0;0.0,-2.0,0.0;3.0,-2.0,0.0
RES|sunk|2|AminusB|FACE|true|3.0,0.25,0.5|1.0,0.0,0.0|3.0,2.5,1.0;3.0,-2.0,1.0;3.0,-2.0,0.0;3.0,2.5,0.0
RES|sunk|2|AminusB|FACE|true|1.5,2.5,0.5|0.0,1.0,0.0|0.0,2.5,1.0;3.0,2.5,1.0;3.0,2.5,0.0;0.0,2.5,0.0
RES|sunk|2|AminusB|FACE|true|0.0,0.25,0.5|-1.0,0.0,0.0|0.0,-2.0,1.0;0.0,2.5,1.0;0.0,2.5,0.0;0.0,-2.0,0.0
RES|sunk|2|AminusB|FACE|true|1.0,0.2,0.75|-0.0,1.0,-0.0|1.5,0.2,1.0;1.5,0.2,0.5;0.5,0.2,0.5;0.5,0.2,1.0
RES|sunk|2|AminusB|FACE|true|1.4980973490458727,0.24357787137382908,0.5000000871557427|-0.0,-1.9999999996823693e-6,0.9999999999979999|0.5,0.2,0.5;1.5,0.2,0.5;2.4961946980917453,0.2871557427476582,0.5000001743114855;1.4961946980917455,0.2871557427476582,0.5000001743114855
RES|sunk|2|AminusB|FACE|true|1.9980973490458727,0.24357787137382908,0.7500000871557427|-0.08715574274765821,0.9961946980917455,-0.0|2.4961946980917453,0.2871557427476582,1.0000001743114855;2.4961946980917453,0.2871557427476582,0.5000001743114855;1.5,0.2,0.5;1.5,0.2,1.0
RES|sunk|2|AminusB|FACE|true|1.9961946980917453,0.2871557427476582,0.7500001743114855|-0.0,-1.0,-0.0|1.4961946980917455,0.2871557427476582,1.0000001743114855;1.4961946980917455,0.2871557427476582,0.5000001743114855;2.4961946980917453,0.2871557427476582,0.5000001743114855;2.4961946980917453,0.2871557427476582,1.0000001743114855
RES|sunk|2|AminusB|FACE|true|0.9980973490458727,0.2435778713738291,0.7500000871557426|0.0871557427476582,-0.9961946980917455,-0.0|0.5,0.2,1.0;0.5,0.2,0.5;1.4961946980917455,0.2871557427476582,0.5000001743114855;1.4961946980917455,0.2871557427476582,1.0000001743114855
RES|sunk|2|BminusA|VERDICT|empty
RES|sunk|-2|tool|FACE|true|1.4980973490458727,0.2435778713738291,0.9999999128442574|0.0,1.9999999996823693e-6,0.9999999999979999|1.4961946980917455,0.2871557427476582,0.9999998256885145;0.5,0.2,1.0;1.5,0.2,1.0;2.4961946980917453,0.2871557427476582,0.9999998256885145
RES|sunk|-2|tool|FACE|true|1.4980973490458727,0.24357787137382908,0.49999991284425727|0.0,-1.9999999996823693e-6,-0.9999999999979999|0.5,0.2,0.5;1.4961946980917455,0.2871557427476582,0.49999982568851453;2.4961946980917453,0.2871557427476582,0.49999982568851453;1.5,0.2,0.5
RES|sunk|-2|tool|FACE|true|1.0,0.2,0.75|0.0,-1.0,0.0|1.5,0.2,1.0;0.5,0.2,1.0;0.5,0.2,0.5;1.5,0.2,0.5
RES|sunk|-2|tool|FACE|true|1.9980973490458727,0.24357787137382908,0.7499999128442573|0.08715574274765821,-0.9961946980917455,0.0|2.4961946980917453,0.2871557427476582,0.9999998256885145;1.5,0.2,1.0;1.5,0.2,0.5;2.4961946980917453,0.2871557427476582,0.49999982568851453
RES|sunk|-2|tool|FACE|true|1.9961946980917453,0.2871557427476582,0.7499998256885145|0.0,1.0,0.0|1.4961946980917455,0.2871557427476582,0.9999998256885145;2.4961946980917453,0.2871557427476582,0.9999998256885145;2.4961946980917453,0.2871557427476582,0.49999982568851453;1.4961946980917455,0.2871557427476582,0.49999982568851453
RES|sunk|-2|tool|FACE|true|0.9980973490458727,0.2435778713738291,0.7499999128442573|-0.0871557427476582,0.9961946980917455,0.0|0.5,0.2,1.0;1.4961946980917455,0.2871557427476582,0.9999998256885145;1.4961946980917455,0.2871557427476582,0.49999982568851453;0.5,0.2,0.5
RES|sunk|-2|OPS|vA=13.5|vB=0.043577871373829104
RES|sunk|-2|union|VERDICT|builds|f64=13.5
RES|sunk|-2|union|FACE|true|1.5,0.25,1.0|0.0,0.0,1.0|0.0,2.5,1.0;0.0,-2.0,1.0;3.0,-2.0,1.0;3.0,2.5,1.0
RES|sunk|-2|union|FACE|true|1.5,0.25,0.0|0.0,0.0,-1.0|0.0,-2.0,0.0;0.0,2.5,0.0;3.0,2.5,0.0;3.0,-2.0,0.0
RES|sunk|-2|union|FACE|true|1.5,-2.0,0.5|0.0,-1.0,0.0|3.0,-2.0,1.0;0.0,-2.0,1.0;0.0,-2.0,0.0;3.0,-2.0,0.0
RES|sunk|-2|union|FACE|true|3.0,0.25,0.5|1.0,0.0,0.0|3.0,2.5,1.0;3.0,-2.0,1.0;3.0,-2.0,0.0;3.0,2.5,0.0
RES|sunk|-2|union|FACE|true|1.5,2.5,0.5|0.0,1.0,0.0|0.0,2.5,1.0;3.0,2.5,1.0;3.0,2.5,0.0;0.0,2.5,0.0
RES|sunk|-2|union|FACE|true|0.0,0.25,0.5|-1.0,0.0,0.0|0.0,-2.0,1.0;0.0,2.5,1.0;0.0,2.5,0.0;0.0,-2.0,0.0
RES|sunk|-2|intersect|VERDICT|builds|f64=0.043577874279020525
RES|sunk|-2|intersect|FACE|true|0.9980973490458727,0.2435778713738291,0.7499999128442573|-0.0871557427476582,0.9961946980917455,0.0|1.4961946980917455,0.2871557427476582,0.9999998256885145;1.4961946980917455,0.2871557427476582,0.49999982568851453;0.5,0.2,0.5;0.5,0.2,1.0
RES|sunk|-2|intersect|FACE|true|1.9961946980917453,0.2871557427476582,0.7499998256885145|0.0,1.0,0.0|2.4961946980917453,0.2871557427476582,0.9999998256885145;2.4961946980917453,0.2871557427476582,0.49999982568851453;1.4961946980917455,0.2871557427476582,0.49999982568851453;1.4961946980917455,0.2871557427476582,0.9999998256885145
RES|sunk|-2|intersect|FACE|true|1.9980973490458727,0.24357787137382908,0.7499999128442573|0.08715574274765821,-0.9961946980917455,0.0|1.5,0.2,1.0;1.5,0.2,0.5;2.4961946980917453,0.2871557427476582,0.49999982568851453;2.4961946980917453,0.2871557427476582,0.9999998256885145
RES|sunk|-2|intersect|FACE|true|1.0,0.2,0.75|0.0,-1.0,0.0|0.5,0.2,1.0;0.5,0.2,0.5;1.5,0.2,0.5;1.5,0.2,1.0
RES|sunk|-2|intersect|FACE|true|1.5,0.25,1.0|0.0,0.0,1.0|2.4961946980917453,0.2871557427476582,0.9999998256885145;1.4961946980917455,0.2871557427476582,0.9999998256885145;0.5,0.2,1.0;1.5,0.2,1.0
RES|sunk|-2|intersect|FACE|true|1.4980973490458727,0.24357787137382908,0.49999991284425727|0.0,-1.9999999996823693e-6,-0.9999999999979999|0.5,0.2,0.5;1.4961946980917455,0.2871557427476582,0.49999982568851453;2.4961946980917453,0.2871557427476582,0.49999982568851453;1.5,0.2,0.5
RES|sunk|-2|AminusB|VERDICT|refused|ResultVolumeImplausible { which: "vol(A ∖ B) ≥ vol(A) − vol(B)", got: "13.456422125720977", bound: "13.456422128626171" }
RES|sunk|-2|BminusA|VERDICT|empty
