RES|eps=1e-12|zero=1e-12|nobackstop=false
RES|block|FACE|true|1.5,0.25,1.0|0.0,0.0,1.0|0.0,2.5,1.0;0.0,-2.0,1.0;3.0,-2.0,1.0;3.0,2.5,1.0
RES|block|FACE|true|1.5,0.25,0.0|0.0,0.0,-1.0|0.0,-2.0,0.0;0.0,2.5,0.0;3.0,2.5,0.0;3.0,-2.0,0.0
RES|block|FACE|true|1.5,-2.0,0.5|0.0,-1.0,0.0|3.0,-2.0,1.0;0.0,-2.0,1.0;0.0,-2.0,0.0;3.0,-2.0,0.0
RES|block|FACE|true|3.0,0.25,0.5|1.0,0.0,0.0|3.0,2.5,1.0;3.0,-2.0,1.0;3.0,-2.0,0.0;3.0,2.5,0.0
RES|block|FACE|true|1.5,2.5,0.5|0.0,1.0,0.0|0.0,2.5,1.0;3.0,2.5,1.0;3.0,2.5,0.0;0.0,2.5,0.0
RES|block|FACE|true|0.0,0.25,0.5|-1.0,0.0,0.0|0.0,-2.0,1.0;0.0,2.5,1.0;0.0,2.5,0.0;0.0,-2.0,0.0
RES|standing|1.2|tool|FACE|true|1.4980973490458727,0.2435778713738291,2.0000000000000524|0.0,-1.2025031308385105e-12,1.0|1.4961946980917455,0.2871557427476582,2.000000000000105;0.5,0.2,2.0;1.5,0.2,2.0;2.4961946980917453,0.2871557427476582,2.000000000000105
RES|standing|1.2|tool|FACE|true|1.4980973490458727,0.24357787137382908,1.0000000000000524|0.0,1.1999554547138524e-12,-1.0|0.5,0.2,1.0;1.4961946980917455,0.2871557427476582,1.0000000000001046;2.4961946980917453,0.2871557427476582,1.0000000000001046;1.5,0.2,1.0
RES|standing|1.2|tool|FACE|true|1.0,0.2,1.5|0.0,-1.0,0.0|1.5,0.2,2.0;0.5,0.2,2.0;0.5,0.2,1.0;1.5,0.2,1.0
RES|standing|1.2|tool|FACE|true|1.9980973490458727,0.24357787137382908,1.5000000000000524|0.08715574274765822,-0.9961946980917455,0.0|2.4961946980917453,0.2871557427476582,2.000000000000105;1.5,0.2,2.0;1.5,0.2,1.0;2.4961946980917453,0.2871557427476582,1.0000000000001046
RES|standing|1.2|tool|FACE|true|1.9961946980917453,0.2871557427476582,1.5000000000001048|0.0,1.0,0.0|1.4961946980917455,0.2871557427476582,2.000000000000105;2.4961946980917453,0.2871557427476582,2.000000000000105;2.4961946980917453,0.2871557427476582,1.0000000000001046;1.4961946980917455,0.2871557427476582,1.0000000000001046
RES|standing|1.2|tool|FACE|true|0.9980973490458727,0.2435778713738291,1.5000000000000524|-0.08715574274765821,0.9961946980917455,0.0|0.5,0.2,2.0;1.4961946980917455,0.2871557427476582,2.000000000000105;1.4961946980917455,0.2871557427476582,1.0000000000001046;0.5,0.2,1.0
RES|standing|1.2|OPS|vA=13.5|vB=0.08715574274765821
RES|standing|1.2|union|VERDICT|builds|f64=13.587155742747656
RES|standing|1.2|union|FACE|true|1.5,0.25,1.0|0.0,0.0,1.0|0.0,2.5,1.0;0.0,-2.0,1.0;3.0,-2.0,1.0;3.0,2.5,1.0#1.4961946980917455,0.2871557427476582,1.0000000000001046;2.4961946980917453,0.2871557427476582,1.0000000000001046;1.5,0.2,1.0;0.5,0.2,1.0
RES|standing|1.2|union|FACE|true|1.5,0.25,0.0|0.0,0.0,-1.0|0.0,-2.0,0.0;0.0,2.5,0.0;3.0,2.5,0.0;3.0,-2.0,0.0
RES|standing|1.2|union|FACE|true|1.5,-2.0,0.5|0.0,-1.0,0.0|3.0,-2.0,1.0;0.0,-2.0,1.0;0.0,-2.0,0.0;3.0,-2.0,0.0
RES|standing|1.2|union|FACE|true|3.0,0.25,0.5|1.0,0.0,0.0|3.0,2.5,1.0;3.0,-2.0,1.0;3.0,-2.0,0.0;3.0,2.5,0.0
RES|standing|1.2|union|FACE|true|1.5,2.5,0.5|0.0,1.0,0.0|0.0,2.5,1.0;3.0,2.5,1.0;3.0,2.5,0.0;0.0,2.5,0.0
RES|standing|1.2|union|FACE|true|0.0,0.25,0.5|-1.0,0.0,0.0|0.0,-2.0,1.0;0.0,2.5,1.0;0.0,2.5,0.0;0.0,-2.0,0.0
RES|standing|1.2|union|FACE|true|1.0,0.2,1.5|0.0,-1.0,0.0|1.5,0.2,1.0;1.5,0.2,2.0;0.5,0.2,2.0;0.5,0.2,1.0
RES|standing|1.2|union|FACE|true|1.4980973490458727,0.2435778713738291,2.0000000000000524|0.0,-1.2025031308385105e-12,1.0|1.4961946980917455,0.2871557427476582,2.000000000000105;0.5,0.2,2.0;1.5,0.2,2.0;2.4961946980917453,0.2871557427476582,2.000000000000105
RES|standing|1.2|union|FACE|true|1.9980973490458727,0.24357787137382908,1.5000000000000524|0.08715574274765822,-0.9961946980917455,0.0|2.4961946980917453,0.2871557427476582,1.0000000000001046;2.4961946980917453,0.2871557427476582,2.000000000000105;1.5,0.2,2.0;1.5,0.2,1.0
RES|standing|1.2|union|FACE|true|1.9961946980917453,0.2871557427476582,1.5000000000001048|0.0,1.0,0.0|1.4961946980917455,0.2871557427476582,1.0000000000001046;1.4961946980917455,0.2871557427476582,2.000000000000105;2.4961946980917453,0.2871557427476582,2.000000000000105;2.4961946980917453,0.2871557427476582,1.0000000000001046
RES|standing|1.2|union|FACE|true|0.9980973490458727,0.2435778713738291,1.5000000000000524|-0.08715574274765821,0.9961946980917455,0.0|0.5,0.2,1.0;0.5,0.2,2.0;1.4961946980917455,0.2871557427476582,2.000000000000105;1.4961946980917455,0.2871557427476582,1.0000000000001046
RES|standing|1.2|intersect|VERDICT|empty
RES|standing|1.2|AminusB|VERDICT|builds|f64=13.5
RES|standing|1.2|AminusB|FACE|true|1.5,0.25,1.0|0.0,0.0,1.0|0.0,2.5,1.0;0.0,-2.0,1.0;3.0,-2.0,1.0;3.0,2.5,1.0
RES|standing|1.2|AminusB|FACE|true|1.5,0.25,0.0|0.0,0.0,-1.0|0.0,-2.0,0.0;0.0,2.5,0.0;3.0,2.5,0.0;3.0,-2.0,0.0
RES|standing|1.2|AminusB|FACE|true|1.5,-2.0,0.5|0.0,-1.0,0.0|3.0,-2.0,1.0;0.0,-2.0,1.0;0.0,-2.0,0.0;3.0,-2.0,0.0
RES|standing|1.2|AminusB|FACE|true|3.0,0.25,0.5|1.0,0.0,0.0|3.0,2.5,1.0;3.0,-2.0,1.0;3.0,-2.0,0.0;3.0,2.5,0.0
RES|standing|1.2|AminusB|FACE|true|1.5,2.5,0.5|0.0,1.0,0.0|0.0,2.5,1.0;3.0,2.5,1.0;3.0,2.5,0.0;0.0,2.5,0.0
RES|standing|1.2|AminusB|FACE|true|0.0,0.25,0.5|-1.0,0.0,0.0|0.0,-2.0,1.0;0.0,2.5,1.0;0.0,2.5,0.0;0.0,-2.0,0.0
RES|standing|1.2|BminusA|VERDICT|builds|f64=0.08715574274765821
RES|standing|1.2|BminusA|FACE|true|1.4980973490458727,0.2435778713738291,2.0000000000000524|0.0,-1.2025031308385105e-12,1.0|1.4961946980917455,0.2871557427476582,2.000000000000105;0.5,0.2,2.0;1.5,0.2,2.0;2.4961946980917453,0.2871557427476582,2.000000000000105
RES|standing|1.2|BminusA|FACE|true|1.4980973490458727,0.24357787137382908,1.0000000000000524|0.0,1.1999554547138524e-12,-1.0|0.5,0.2,1.0;1.4961946980917455,0.2871557427476582,1.0000000000001046;2.4961946980917453,0.2871557427476582,1.0000000000001046;1.5,0.2,1.0
RES|standing|1.2|BminusA|FACE|true|1.0,0.2,1.5|0.0,-1.0,0.0|1.5,0.2,2.0;0.5,0.2,2.0;0.5,0.2,1.0;1.5,0.2,1.0
RES|standing|1.2|BminusA|FACE|true|1.9980973490458727,0.24357787137382908,1.5000000000000524|0.08715574274765822,-0.9961946980917455,0.0|2.4961946980917453,0.2871557427476582,2.000000000000105;1.5,0.2,2.0;1.5,0.2,1.0;2.4961946980917453,0.2871557427476582,1.0000000000001046
RES|standing|1.2|BminusA|FACE|true|1.9961946980917453,0.2871557427476582,1.5000000000001048|0.0,1.0,0.0|1.4961946980917455,0.2871557427476582,2.000000000000105;2.4961946980917453,0.2871557427476582,2.000000000000105;2.4961946980917453,0.2871557427476582,1.0000000000001046;1.4961946980917455,0.2871557427476582,1.0000000000001046
RES|standing|1.2|BminusA|FACE|true|0.9980973490458727,0.2435778713738291,1.5000000000000524|-0.08715574274765821,0.9961946980917455,0.0|0.5,0.2,2.0;1.4961946980917455,0.2871557427476582,2.000000000000105;1.4961946980917455,0.2871557427476582,1.0000000000001046;0.5,0.2,1.0
RES|standing|-1.2|tool|FACE|true|1.4980973490458727,0.2435778713738291,1.9999999999999476|0.0,1.1999554547138524e-12,1.0|1.4961946980917455,0.2871557427476582,1.9999999999998954;0.5,0.2,2.0;1.5,0.2,2.0;2.4961946980917453,0.2871557427476582,1.9999999999998954
RES|standing|-1.2|tool|FACE|true|1.4980973490458727,0.24357787137382908,0.9999999999999477|0.0,-1.1999554547138524e-12,-1.0|0.5,0.2,1.0;1.4961946980917455,0.2871557427476582,0.9999999999998954;2.4961946980917453,0.2871557427476582,0.9999999999998954;1.5,0.2,1.0
RES|standing|-1.2|tool|FACE|true|1.0,0.2,1.5|0.0,-1.0,0.0|1.5,0.2,2.0;0.5,0.2,2.0;0.5,0.2,1.0;1.5,0.2,1.0
RES|standing|-1.2|tool|FACE|true|1.9980973490458727,0.24357787137382908,1.4999999999999476|0.08715574274765821,-0.9961946980917455,0.0|2.4961946980917453,0.2871557427476582,1.9999999999998954;1.5,0.2,2.0;1.5,0.2,1.0;2.4961946980917453,0.2871557427476582,0.9999999999998954
RES|standing|-1.2|tool|FACE|true|1.9961946980917453,0.2871557427476582,1.4999999999998954|0.0,1.0,0.0|1.4961946980917455,0.2871557427476582,1.9999999999998954;2.4961946980917453,0.2871557427476582,1.9999999999998954;2.4961946980917453,0.2871557427476582,0.9999999999998954;1.4961946980917455,0.2871557427476582,0.9999999999998954
RES|standing|-1.2|tool|FACE|true|0.9980973490458727,0.2435778713738291,1.4999999999999476|-0.0871557427476582,0.9961946980917455,0.0|0.5,0.2,2.0;1.4961946980917455,0.2871557427476582,1.9999999999998954;1.4961946980917455,0.2871557427476582,0.9999999999998954;0.5,0.2,1.0
RES|standing|-1.2|OPS|vA=13.5|vB=0.08715574274765818
RES|standing|-1.2|union|VERDICT|builds|f64=13.587155742747655
RES|standing|-1.2|union|FACE|true|1.5,0.25,1.0|0.0,0.0,1.0|0.0,2.5,1.0;0.0,-2.0,1.0;3.0,-2.0,1.0;3.0,2.5,1.0#1.4961946980917455,0.2871557427476582,0.9999999999998954;2.4961946980917453,0.2871557427476582,0.9999999999998954;1.5,0.2,1.0;0.5,0.2,1.0
RES|standing|-1.2|union|FACE|true|1.5,0.25,0.0|0.0,0.0,-1.0|0.0,-2.0,0.0;0.0,2.5,0.0;3.0,2.5,0.0;3.0,-2.0,0.0
RES|standing|-1.2|union|FACE|true|1.5,-2.0,0.5|0.0,-1.0,0.0|3.0,-2.0,1.0;0.0,-2.0,1.0;0.0,-2.0,0.0;3.0,-2.0,0.0
RES|standing|-1.2|union|FACE|true|3.0,0.25,0.5|1.0,0.0,0.0|3.0,2.5,1.0;3.0,-2.0,1.0;3.0,-2.0,0.0;3.0,2.5,0.0
RES|standing|-1.2|union|FACE|true|1.5,2.5,0.5|0.0,1.0,0.0|0.0,2.5,1.0;3.0,2.5,1.0;3.0,2.5,0.0;0.0,2.5,0.0
RES|standing|-1.2|union|FACE|true|0.0,0.25,0.5|-1.0,0.0,0.0|0.0,-2.0,1.0;0.0,2.5,1.0;0.0,2.5,0.0;0.0,-2.0,0.0
RES|standing|-1.2|union|FACE|true|1.0,0.2,1.5|0.0,-1.0,0.0|1.5,0.2,1.0;1.5,0.2,2.0;0.5,0.2,2.0;0.5,0.2,1.0
RES|standing|-1.2|union|FACE|true|1.4980973490458727,0.2435778713738291,1.9999999999999476|0.0,1.1999554547138524e-12,1.0|1.4961946980917455,0.2871557427476582,1.9999999999998954;0.5,0.2,2.0;1.5,0.2,2.0;2.4961946980917453,0.2871557427476582,1.9999999999998954
RES|standing|-1.2|union|FACE|true|1.9980973490458727,0.24357787137382908,1.4999999999999476|0.08715574274765821,-0.9961946980917455,0.0|2.4961946980917453,0.2871557427476582,0.9999999999998954;2.4961946980917453,0.2871557427476582,1.9999999999998954;1.5,0.2,2.0;1.5,0.2,1.0
RES|standing|-1.2|union|FACE|true|1.9961946980917453,0.2871557427476582,1.4999999999998954|0.0,1.0,0.0|1.4961946980917455,0.2871557427476582,0.9999999999998954;1.4961946980917455,0.2871557427476582,1.9999999999998954;2.4961946980917453,0.2871557427476582,1.9999999999998954;2.4961946980917453,0.2871557427476582,0.9999999999998954
RES|standing|-1.2|union|FACE|true|0.9980973490458727,0.2435778713738291,1.4999999999999476|-0.0871557427476582,0.9961946980917455,0.0|0.5,0.2,1.0;0.5,0.2,2.0;1.4961946980917455,0.2871557427476582,1.9999999999998954;1.4961946980917455,0.2871557427476582,0.9999999999998954
RES|standing|-1.2|intersect|VERDICT|empty
RES|standing|-1.2|AminusB|VERDICT|builds|f64=13.5
RES|standing|-1.2|AminusB|FACE|true|1.5,0.25,1.0|0.0,0.0,1.0|0.0,2.5,1.0;0.0,-2.0,1.0;3.0,-2.0,1.0;3.0,2.5,1.0
RES|standing|-1.2|AminusB|FACE|true|1.5,0.25,0.0|0.0,0.0,-1.0|0.0,-2.0,0.0;0.0,2.5,0.0;3.0,2.5,0.0;3.0,-2.0,0.0
RES|standing|-1.2|AminusB|FACE|true|1.5,-2.0,0.5|0.0,-1.0,0.0|3.0,-2.0,1.0;0.0,-2.0,1.0;0.0,-2.0,0.0;3.0,-2.0,0.0
RES|standing|-1.2|AminusB|FACE|true|3.0,0.25,0.5|1.0,0.0,0.0|3.0,2.5,1.0;3.0,-2.0,1.0;3.0,-2.0,0.0;3.0,2.5,0.0
RES|standing|-1.2|AminusB|FACE|true|1.5,2.5,0.5|0.0,1.0,0.0|0.0,2.5,1.0;3.0,2.5,1.0;3.0,2.5,0.0;0.0,2.5,0.0
RES|standing|-1.2|AminusB|FACE|true|0.0,0.25,0.5|-1.0,0.0,0.0|0.0,-2.0,1.0;0.0,2.5,1.0;0.0,2.5,0.0;0.0,-2.0,0.0
RES|standing|-1.2|BminusA|VERDICT|builds|f64=0.08715574274765818
RES|standing|-1.2|BminusA|FACE|true|1.4980973490458727,0.2435778713738291,1.9999999999999476|0.0,1.1999554547138524e-12,1.0|1.4961946980917455,0.2871557427476582,1.9999999999998954;0.5,0.2,2.0;1.5,0.2,2.0;2.4961946980917453,0.2871557427476582,1.9999999999998954
RES|standing|-1.2|BminusA|FACE|true|1.4980973490458727,0.24357787137382908,0.9999999999999477|0.0,-1.1999554547138524e-12,-1.0|0.5,0.2,1.0;1.4961946980917455,0.2871557427476582,0.9999999999998954;2.4961946980917453,0.2871557427476582,0.9999999999998954;1.5,0.2,1.0
RES|standing|-1.2|BminusA|FACE|true|1.0,0.2,1.5|0.0,-1.0,0.0|1.5,0.2,2.0;0.5,0.2,2.0;0.5,0.2,1.0;1.5,0.2,1.0
RES|standing|-1.2|BminusA|FACE|true|1.9980973490458727,0.24357787137382908,1.4999999999999476|0.08715574274765821,-0.9961946980917455,0.0|2.4961946980917453,0.2871557427476582,1.9999999999998954;1.5,0.2,2.0;1.5,0.2,1.0;2.4961946980917453,0.2871557427476582,0.9999999999998954
RES|standing|-1.2|BminusA|FACE|true|1.9961946980917453,0.2871557427476582,1.4999999999998954|0.0,1.0,0.0|1.4961946980917455,0.2871557427476582,1.9999999999998954;2.4961946980917453,0.2871557427476582,1.9999999999998954;2.4961946980917453,0.2871557427476582,0.9999999999998954;1.4961946980917455,0.2871557427476582,0.9999999999998954
RES|standing|-1.2|BminusA|FACE|true|0.9980973490458727,0.2435778713738291,1.4999999999999476|-0.0871557427476582,0.9961946980917455,0.0|0.5,0.2,2.0;1.4961946980917455,0.2871557427476582,1.9999999999998954;1.4961946980917455,0.2871557427476582,0.9999999999998954;0.5,0.2,1.0
RES|sunk|1.2|tool|FACE|true|1.4980973490458727,0.2435778713738291,1.0000000000000524|0.0,-1.1999554547138524e-12,1.0|1.4961946980917455,0.2871557427476582,1.0000000000001046;0.5,0.2,1.0;1.5,0.2,1.0;2.4961946980917453,0.2871557427476582,1.0000000000001046
RES|sunk|1.2|tool|FACE|true|1.4980973490458727,0.24357787137382908,0.5000000000000523|0.0,1.1999554547138524e-12,-1.0|0.5,0.2,0.5;1.4961946980917455,0.2871557427476582,0.5000000000001046;2.4961946980917453,0.2871557427476582,0.5000000000001046;1.5,0.2,0.5
RES|sunk|1.2|tool|FACE|true|1.0,0.2,0.75|0.0,-1.0,0.0|1.5,0.2,1.0;0.5,0.2,1.0;0.5,0.2,0.5;1.5,0.2,0.5
RES|sunk|1.2|tool|FACE|true|1.9980973490458727,0.24357787137382908,0.7500000000000523|0.08715574274765821,-0.9961946980917455,0.0|2.4961946980917453,0.2871557427476582,1.0000000000001046;1.5,0.2,1.0;1.5,0.2,0.5;2.4961946980917453,0.2871557427476582,0.5000000000001046
RES|sunk|1.2|tool|FACE|true|1.9961946980917453,0.2871557427476582,0.7500000000001046|0.0,1.0,0.0|1.4961946980917455,0.2871557427476582,1.0000000000001046;2.4961946980917453,0.2871557427476582,1.0000000000001046;2.4961946980917453,0.2871557427476582,0.5000000000001046;1.4961946980917455,0.2871557427476582,0.5000000000001046
RES|sunk|1.2|tool|FACE|true|0.9980973490458727,0.2435778713738291,0.7500000000000524|-0.0871557427476582,0.9961946980917455,0.0|0.5,0.2,1.0;1.4961946980917455,0.2871557427476582,1.0000000000001046;1.4961946980917455,0.2871557427476582,0.5000000000001046;0.5,0.2,0.5
RES|sunk|1.2|OPS|vA=13.5|vB=0.0435778713738291
RES|sunk|1.2|union|VERDICT|builds|f64=13.5
RES|sunk|1.2|union|FACE|true|1.5,0.25,1.0|0.0,0.0,1.0|0.0,2.5,1.0;0.0,-2.0,1.0;3.0,-2.0,1.0;3.0,2.5,1.0
RES|sunk|1.2|union|FACE|true|1.5,0.25,0.0|0.0,0.0,-1.0|0.0,-2.0,0.0;0.0,2.5,0.0;3.0,2.5,0.0;3.0,-2.0,0.0
RES|sunk|1.2|union|FACE|true|1.5,-2.0,0.5|0.0,-1.0,0.0|3.0,-2.0,1.0;0.0,-2.0,1.0;0.0,-2.0,0.0;3.0,-2.0,0.0
RES|sunk|1.2|union|FACE|true|3.0,0.25,0.5|1.0,0.0,0.0|3.0,2.5,1.0;3.0,-2.0,1.0;3.0,-2.0,0.0;3.0,2.5,0.0
RES|sunk|1.2|union|FACE|true|1.5,2.5,0.5|0.0,1.0,0.0|0.0,2.5,1.0;3.0,2.5,1.0;3.0,2.5,0.0;0.0,2.5,0.0
RES|sunk|1.2|union|FACE|true|0.0,0.25,0.5|-1.0,0.0,0.0|0.0,-2.0,1.0;0.0,2.5,1.0;0.0,2.5,0.0;0.0,-2.0,0.0
RES|sunk|1.2|intersect|VERDICT|builds|f64=0.04357787137382735
RES|sunk|1.2|intersect|FACE|true|0.9980973490458727,0.2435778713738291,0.7500000000000524|-0.0871557427476582,0.9961946980917455,0.0|1.4961946980917455,0.2871557427476582,1.0000000000001046;1.4961946980917455,0.2871557427476582,0.5000000000001046;0.5,0.2,0.5;0.5,0.2,1.0
RES|sunk|1.2|intersect|FACE|true|1.9961946980917453,0.2871557427476582,0.7500000000001046|0.0,1.0,0.0|2.4961946980917453,0.2871557427476582,1.0000000000001046;2.4961946980917453,0.2871557427476582,0.5000000000001046;1.4961946980917455,0.2871557427476582,0.5000000000001046;1.4961946980917455,0.2871557427476582,1.0000000000001046
RES|sunk|1.2|intersect|FACE|true|1.9980973490458727,0.24357787137382908,0.7500000000000523|0.08715574274765821,-0.9961946980917455,0.0|1.5,0.2,1.0;1.5,0.2,0.5;2.4961946980917453,0.2871557427476582,0.5000000000001046;2.4961946980917453,0.2871557427476582,1.0000000000001046
RES|sunk|1.2|intersect|FACE|true|1.0,0.2,0.75|0.0,-1.0,0.0|0.5,0.2,1.0;0.5,0.2,0.5;1.5,0.2,0.5;1.5,0.2,1.0
RES|sunk|1.2|intersect|FACE|true|1.5,0.25,1.0|0.0,0.0,1.0|2.4961946980917453,0.2871557427476582,1.0000000000001046;1.4961946980917455,0.2871557427476582,1.0000000000001046;0.5,0.2,1.0;1.5,0.2,1.0
RES|sunk|1.2|intersect|FACE|true|1.4980973490458727,0.24357787137382908,0.5000000000000523|0.0,1.1999554547138524e-12,-1.0|0.5,0.2,0.5;1.4961946980917455,0.2871557427476582,0.5000000000001046;2.4961946980917453,0.2871557427476582,0.5000000000001046;1.5,0.2,0.5
RES|sunk|1.2|AminusB|VERDICT|builds|f64=13.456422128626171
RES|sunk|1.2|AminusB|FACE|true|1.5,0.25,1.0|0.0,0.0,1.0|0.0,2.5,1.0;0.0,-2.0,1.0;3.0,-2.0,1.0;3.0,2.5,1.0#1.4961946980917455,0.2871557427476582,1.0000000000001046;2.4961946980917453,0.2871557427476582,1.0000000000001046;1.5,0.2,1.0;0.5,0.2,1.0
RES|sunk|1.2|AminusB|FACE|true|1.5,0.25,0.0|0.0,0.0,-1.0|0.0,-2.0,0.0;0.0,2.5,0.0;3.0,2.5,0.0;3.0,-2.0,0.0
RES|sunk|1.2|AminusB|FACE|true|1.5,-2.0,0.5|0.0,-1.0,0.0|3.0,-2.0,1.0;0.0,-2.0,1.0;0.0,-2.0,0.0;3.0,-2.0,0.0
RES|sunk|1.2|AminusB|FACE|true|3.0,0.25,0.5|1.0,0.0,0.0|3.0,2.5,1.0;3.0,-2.0,1.0;3.0,-2.0,0.0;3.0,2.5,0.0
RES|sunk|1.2|AminusB|FACE|true|1.5,2.5,0.5|0.0,1.0,0.0|0.0,2.5,1.0;3.0,2.5,1.0;3.0,2.5,0.0;0.0,2.5,0.0
RES|sunk|1.2|AminusB|FACE|true|0.0,0.25,0.5|-1.0,0.0,0.0|0.0,-2.0,1.0;0.0,2.5,1.0;0.0,2.5,0.0;0.0,-2.0,0.0
RES|sunk|1.2|AminusB|FACE|true|1.0,0.2,0.75|-0.0,1.0,-0.0|1.5,0.2,1.0;1.5,0.2,0.5;0.5,0.2,0.5;0.5,0.2,1.0
RES|sunk|1.2|AminusB|FACE|true|1.4980973490458727,0.24357787137382908,0.5000000000000523|-0.0,-1.1999554547138524e-12,1.0|0.5,0.2,0.5;1.5,0.2,0.5;2.4961946980917453,0.2871557427476582,0.5000000000001046;1.4961946980917455,0.2871557427476582,0.5000000000001046
RES|sunk|1.2|AminusB|FACE|true|1.9980973490458727,0.24357787137382908,0.7500000000000523|-0.08715574274765821,0.9961946980917455,-0.0|2.4961946980917453,0.2871557427476582,1.0000000000001046;2.4961946980917453,0.2871557427476582,0.5000000000001046;1.5,0.2,0.5;1.5,0.2,1.0
RES|sunk|1.2|AminusB|FACE|true|1.9961946980917453,0.2871557427476582,0.7500000000001046|-0.0,-1.0,-0.0|1.4961946980917455,0.2871557427476582,1.0000000000001046;1.4961946980917455,0.2871557427476582,0.5000000000001046;2.4961946980917453,0.2871557427476582,0.5000000000001046;2.4961946980917453,0.2871557427476582,1.0000000000001046
RES|sunk|1.2|AminusB|FACE|true|0.9980973490458727,0.2435778713738291,0.7500000000000524|0.0871557427476582,-0.9961946980917455,-0.0|0.5,0.2,1.0;0.5,0.2,0.5;1.4961946980917455,0.2871557427476582,0.5000000000001046;1.4961946980917455,0.2871557427476582,1.0000000000001046
RES|sunk|1.2|BminusA|VERDICT|empty
RES|sunk|-1.2|tool|FACE|true|1.4980973490458727,0.2435778713738291,0.9999999999999476|0.0,1.1999554547138524e-12,1.0|1.4961946980917455,0.2871557427476582,0.9999999999998954;0.5,0.2,1.0;1.5,0.2,1.0;2.4961946980917453,0.2871557427476582,0.9999999999998954
RES|sunk|-1.2|tool|FACE|true|1.4980973490458727,0.24357787137382908,0.4999999999999477|0.0,-1.1999554547138524e-12,-1.0|0.5,0.2,0.5;1.4961946980917455,0.2871557427476582,0.4999999999998954;2.4961946980917453,0.2871557427476582,0.4999999999998954;1.5,0.2,0.5
RES|sunk|-1.2|tool|FACE|true|1.0,0.2,0.75|0.0,-1.0,0.0|1.5,0.2,1.0;0.5,0.2,1.0;0.5,0.2,0.5;1.5,0.2,0.5
RES|sunk|-1.2|tool|FACE|true|1.9980973490458727,0.24357787137382908,0.7499999999999477|0.08715574274765821,-0.9961946980917455,0.0|2.4961946980917453,0.2871557427476582,0.9999999999998954;1.5,0.2,1.0;1.5,0.2,0.5;2.4961946980917453,0.2871557427476582,0.4999999999998954
RES|sunk|-1.2|tool|FACE|true|1.9961946980917453,0.2871557427476582,0.7499999999998954|0.0,1.0,0.0|1.4961946980917455,0.2871557427476582,0.9999999999998954;2.4961946980917453,0.2871557427476582,0.9999999999998954;2.4961946980917453,0.2871557427476582,0.4999999999998954;1.4961946980917455,0.2871557427476582,0.4999999999998954
RES|sunk|-1.2|tool|FACE|true|0.9980973490458727,0.2435778713738291,0.7499999999999477|-0.0871557427476582,0.9961946980917455,0.0|0.5,0.2,1.0;1.4961946980917455,0.2871557427476582,0.9999999999998954;1.4961946980917455,0.2871557427476582,0.4999999999998954;0.5,0.2,0.5
RES|sunk|-1.2|OPS|vA=13.5|vB=0.0435778713738291
RES|sunk|-1.2|union|VERDICT|builds|f64=13.5
RES|sunk|-1.2|union|FACE|true|1.5,0.25,1.0|0.0,0.0,1.0|0.0,2.5,1.0;0.0,-2.0,1.0;3.0,-2.0,1.0;3.0,2.5,1.0
RES|sunk|-1.2|union|FACE|true|1.5,0.25,0.0|0.0,0.0,-1.0|0.0,-2.0,0.0;0.0,2.5,0.0;3.0,2.5,0.0;3.0,-2.0,0.0
RES|sunk|-1.2|union|FACE|true|1.5,-2.0,0.5|0.0,-1.0,0.0|3.0,-2.0,1.0;0.0,-2.0,1.0;0.0,-2.0,0.0;3.0,-2.0,0.0
RES|sunk|-1.2|union|FACE|true|3.0,0.25,0.5|1.0,0.0,0.0|3.0,2.5,1.0;3.0,-2.0,1.0;3.0,-2.0,0.0;3.0,2.5,0.0
RES|sunk|-1.2|union|FACE|true|1.5,2.5,0.5|0.0,1.0,0.0|0.0,2.5,1.0;3.0,2.5,1.0;3.0,2.5,0.0;0.0,2.5,0.0
RES|sunk|-1.2|union|FACE|true|0.0,0.25,0.5|-1.0,0.0,0.0|0.0,-2.0,1.0;0.0,2.5,1.0;0.0,2.5,0.0;0.0,-2.0,0.0
RES|sunk|-1.2|intersect|VERDICT|refused|ResultVolumeImplausible { which: "vol(A ∩ B) ≤ vol(B)", got: "0.043577871373830845", bound: "0.0435778713738291" }
RES|sunk|-1.2|AminusB|VERDICT|builds|f64=13.456422128626167
RES|sunk|-1.2|AminusB|FACE|true|1.5,0.25,1.0|0.0,0.0,1.0|0.0,2.5,1.0;0.0,-2.0,1.0;3.0,-2.0,1.0;3.0,2.5,1.0#1.4961946980917455,0.2871557427476582,0.9999999999998954;2.4961946980917453,0.2871557427476582,0.9999999999998954;1.5,0.2,1.0;0.5,0.2,1.0
RES|sunk|-1.2|AminusB|FACE|true|1.5,0.25,0.0|0.0,0.0,-1.0|0.0,-2.0,0.0;0.0,2.5,0.0;3.0,2.5,0.0;3.0,-2.0,0.0
RES|sunk|-1.2|AminusB|FACE|true|1.5,-2.0,0.5|0.0,-1.0,0.0|3.0,-2.0,1.0;0.0,-2.0,1.0;0.0,-2.0,0.0;3.0,-2.0,0.0
RES|sunk|-1.2|AminusB|FACE|true|3.0,0.25,0.5|1.0,0.0,0.0|3.0,2.5,1.0;3.0,-2.0,1.0;3.0,-2.0,0.0;3.0,2.5,0.0
RES|sunk|-1.2|AminusB|FACE|true|1.5,2.5,0.5|0.0,1.0,0.0|0.0,2.5,1.0;3.0,2.5,1.0;3.0,2.5,0.0;0.0,2.5,0.0
RES|sunk|-1.2|AminusB|FACE|true|0.0,0.25,0.5|-1.0,0.0,0.0|0.0,-2.0,1.0;0.0,2.5,1.0;0.0,2.5,0.0;0.0,-2.0,0.0
RES|sunk|-1.2|AminusB|FACE|true|1.0,0.2,0.75|-0.0,1.0,-0.0|1.5,0.2,1.0;1.5,0.2,0.5;0.5,0.2,0.5;0.5,0.2,1.0
RES|sunk|-1.2|AminusB|FACE|true|1.4980973490458727,0.24357787137382908,0.4999999999999477|-0.0,1.1999554547138524e-12,1.0|0.5,0.2,0.5;1.5,0.2,0.5;2.4961946980917453,0.2871557427476582,0.4999999999998954;1.4961946980917455,0.2871557427476582,0.4999999999998954
RES|sunk|-1.2|AminusB|FACE|true|1.9980973490458727,0.24357787137382908,0.7499999999999477|-0.08715574274765821,0.9961946980917455,-0.0|2.4961946980917453,0.2871557427476582,0.9999999999998954;2.4961946980917453,0.2871557427476582,0.4999999999998954;1.5,0.2,0.5;1.5,0.2,1.0
RES|sunk|-1.2|AminusB|FACE|true|1.9961946980917453,0.2871557427476582,0.7499999999998954|-0.0,-1.0,-0.0|1.4961946980917455,0.2871557427476582,0.9999999999998954;1.4961946980917455,0.2871557427476582,0.4999999999998954;2.4961946980917453,0.2871557427476582,0.4999999999998954;2.4961946980917453,0.2871557427476582,0.9999999999998954
RES|sunk|-1.2|AminusB|FACE|true|0.9980973490458727,0.2435778713738291,0.7499999999999477|0.0871557427476582,-0.9961946980917455,-0.0|0.5,0.2,1.0;0.5,0.2,0.5;1.4961946980917455,0.2871557427476582,0.4999999999998954;1.4961946980917455,0.2871557427476582,0.9999999999998954
RES|sunk|-1.2|BminusA|VERDICT|empty
RES|sunk|2|tool|FACE|true|1.4980973490458727,0.2435778713738291,1.000000000000087|0.0,-1.999925757856421e-12,1.0|1.4961946980917455,0.2871557427476582,1.0000000000001743;0.5,0.2,1.0;1.5,0.2,1.0;2.4961946980917453,0.2871557427476582,1.0000000000001743
RES|sunk|2|tool|FACE|true|1.4980973490458727,0.24357787137382908,0.5000000000000872|0.0,1.999925757856421e-12,-1.0|0.5,0.2,0.5;1.4961946980917455,0.2871557427476582,0.5000000000001743;2.4961946980917453,0.2871557427476582,0.5000000000001743;1.5,0.2,0.5
RES|sunk|2|tool|FACE|true|1.0,0.2,0.75|0.0,-1.0,0.0|1.5,0.2,1.0;0.5,0.2,1.0;0.5,0.2,0.5;1.5,0.2,0.5
RES|sunk|2|tool|FACE|true|1.9980973490458727,0.24357787137382908,0.7500000000000872|0.08715574274765821,-0.9961946980917455,0.0|2.4961946980917453,0.2871557427476582,1.0000000000001743;1.5,0.2,1.0;1.5,0.2,0.5;2.4961946980917453,0.2871557427476582,0.5000000000001743
RES|sunk|2|tool|FACE|true|1.9961946980917453,0.2871557427476582,0.7500000000001743|0.0,1.0,0.0|1.4961946980917455,0.2871557427476582,1.0000000000001743;2.4961946980917453,0.2871557427476582,1.0000000000001743;2.4961946980917453,0.2871557427476582,0.5000000000001743;1.4961946980917455,0.2871557427476582,0.5000000000001743
RES|sunk|2|tool|FACE|true|0.9980973490458727,0.2435778713738291,0.750000000000087|-0.0871557427476582,0.9961946980917455,0.0|0.5,0.2,1.0;1.4961946980917455,0.2871557427476582,1.0000000000001743;1.4961946980917455,0.2871557427476582,0.5000000000001743;0.5,0.2,0.5
RES|sunk|2|OPS|vA=13.5|vB=0.0435778713738291
RES|sunk|2|union|VERDICT|builds|f64=13.5
RES|sunk|2|union|FACE|true|1.5,0.25,1.0|0.0,0.0,1.0|0.0,2.5,1.0;0.0,-2.0,1.0;3.0,-2.0,1.0;3.0,2.5,1.0
RES|sunk|2|union|FACE|true|1.5,0.25,0.0|0.0,0.0,-1.0|0.0,-2.0,0.0;0.0,2.5,0.0;3.0,2.5,0.0;3.0,-2.0,0.0
RES|sunk|2|union|FACE|true|1.5,-2.0,0.5|0.0,-1.0,0.0|3.0,-2.0,1.0;0.0,-2.0,1.0;0.0,-2.0,0.0;3.0,-2.0,0.0
RES|sunk|2|union|FACE|true|3.0,0.25,0.5|1.0,0.0,0.0|3.0,2.5,1.0;3.0,-2.0,1.0;3.0,-2.0,0.0;3.0,2.5,0.0
RES|sunk|2|union|FACE|true|1.5,2.5,0.5|0.0,1.0,0.0|0.0,2.5,1.0;3.0,2.5,1.0;3.0,2.5,0.0;0.0,2.5,0.0
RES|sunk|2|union|FACE|true|0.0,0.25,0.5|-1.0,0.0,0.0|0.0,-2.0,1.0;0.0,2.5,1.0;0.0,2.5,0.0;0.0,-2.0,0.0
RES|sunk|2|intersect|VERDICT|builds|f64=0.04357787137382619
RES|sunk|2|intersect|FACE|true|0.9980973490458727,0.2435778713738291,0.750000000000087|-0.0871557427476582,0.9961946980917455,0.0|1.4961946980917455,0.2871557427476582,1.0000000000001743;1.4961946980917455,0.2871557427476582,0.5000000000001743;0.5,0.2,0.5;0.5,0.2,1.0
RES|sunk|2|intersect|FACE|true|1.9961946980917453,0.2871557427476582,0.7500000000001743|0.0,1.0,0.0|2.4961946980917453,0.2871557427476582,1.0000000000001743;2.4961946980917453,0.2871557427476582,0.5000000000001743;1.4961946980917455,0.2871557427476582,0.5000000000001743;1.4961946980917455,0.2871557427476582,1.0000000000001743
RES|sunk|2|intersect|FACE|true|1.9980973490458727,0.24357787137382908,0.7500000000000872|0.08715574274765821,-0.9961946980917455,0.0|1.5,0.2,1.0;1.5,0.2,0.5;2.4961946980917453,0.2871557427476582,0.5000000000001743;2.4961946980917453,0.2871557427476582,1.0000000000001743
RES|sunk|2|intersect|FACE|true|1.0,0.2,0.75|0.0,-1.0,0.0|0.5,0.2,1.0;0.5,0.2,0.5;1.5,0.2,0.5;1.5,0.2,1.0
RES|sunk|2|intersect|FACE|true|1.5,0.25,1.0|0.0,0.0,1.0|2.4961946980917453,0.2871557427476582,1.0000000000001743;1.4961946980917455,0.2871557427476582,1.0000000000001743;0.5,0.2,1.0;1.5,0.2,1.0
RES|sunk|2|intersect|FACE|true|1.4980973490458727,0.24357787137382908,0.5000000000000872|0.0,1.999925757856421e-12,-1.0|0.5,0.2,0.5;1.4961946980917455,0.2871557427476582,0.5000000000001743;2.4961946980917453,0.2871557427476582,0.5000000000001743;1.5,0.2,0.5
RES|sunk|2|AminusB|VERDICT|builds|f64=13.456422128626173
RES|sunk|2|AminusB|FACE|true|1.5,0.25,1.0|0.0,0.0,1.0|0.0,2.5,1.0;0.0,-2.0,1.0;3.0,-2.0,1.0;3.0,2.5,1.0#1.4961946980917455,0.2871557427476582,1.0000000000001743;2.4961946980917453,0.2871557427476582,1.0000000000001743;1.5,0.2,1.0;0.5,0.2,1.0
RES|sunk|2|AminusB|FACE|true|1.5,0.25,0.0|0.0,0.0,-1.0|0.0,-2.0,0.0;0.0,2.5,0.0;3.0,2.5,0.0;3.0,-2.0,0.0
RES|sunk|2|AminusB|FACE|true|1.5,-2.0,0.5|0.0,-1.0,0.0|3.0,-2.0,1.0;0.0,-2.0,1.0;0.0,-2.0,0.0;3.0,-2.0,0.0
RES|sunk|2|AminusB|FACE|true|3.0,0.25,0.5|1.0,0.0,0.0|3.0,2.5,1.0;3.0,-2.0,1.0;3.0,-2.0,0.0;3.0,2.5,0.0
RES|sunk|2|AminusB|FACE|true|1.5,2.5,0.5|0.0,1.0,0.0|0.0,2.5,1.0;3.0,2.5,1.0;3.0,2.5,0.0;0.0,2.5,0.0
RES|sunk|2|AminusB|FACE|true|0.0,0.25,0.5|-1.0,0.0,0.0|0.0,-2.0,1.0;0.0,2.5,1.0;0.0,2.5,0.0;0.0,-2.0,0.0
RES|sunk|2|AminusB|FACE|true|1.0,0.2,0.75|-0.0,1.0,-0.0|1.5,0.2,1.0;1.5,0.2,0.5;0.5,0.2,0.5;0.5,0.2,1.0
RES|sunk|2|AminusB|FACE|true|1.4980973490458727,0.24357787137382908,0.5000000000000872|-0.0,-1.999925757856421e-12,1.0|0.5,0.2,0.5;1.5,0.2,0.5;2.4961946980917453,0.2871557427476582,0.5000000000001743;1.4961946980917455,0.2871557427476582,0.5000000000001743
RES|sunk|2|AminusB|FACE|true|1.9980973490458727,0.24357787137382908,0.7500000000000872|-0.08715574274765821,0.9961946980917455,-0.0|2.4961946980917453,0.2871557427476582,1.0000000000001743;2.4961946980917453,0.2871557427476582,0.5000000000001743;1.5,0.2,0.5;1.5,0.2,1.0
RES|sunk|2|AminusB|FACE|true|1.9961946980917453,0.2871557427476582,0.7500000000001743|-0.0,-1.0,-0.0|1.4961946980917455,0.2871557427476582,1.0000000000001743;1.4961946980917455,0.2871557427476582,0.5000000000001743;2.4961946980917453,0.2871557427476582,0.5000000000001743;2.4961946980917453,0.2871557427476582,1.0000000000001743
RES|sunk|2|AminusB|FACE|true|0.9980973490458727,0.2435778713738291,0.750000000000087|0.0871557427476582,-0.9961946980917455,-0.0|0.5,0.2,1.0;0.5,0.2,0.5;1.4961946980917455,0.2871557427476582,0.5000000000001743;1.4961946980917455,0.2871557427476582,1.0000000000001743
RES|sunk|2|BminusA|VERDICT|empty
RES|sunk|-2|tool|FACE|true|1.4980973490458727,0.2435778713738291,0.999999999999913|0.0,1.999925757856421e-12,1.0|1.4961946980917455,0.2871557427476582,0.9999999999998257;0.5,0.2,1.0;1.5,0.2,1.0;2.4961946980917453,0.2871557427476582,0.9999999999998257
RES|sunk|-2|tool|FACE|true|1.4980973490458727,0.24357787137382908,0.49999999999991285|0.0,-1.999925757856421e-12,-1.0|0.5,0.2,0.5;1.4961946980917455,0.2871557427476582,0.4999999999998257;2.4961946980917453,0.2871557427476582,0.4999999999998257;1.5,0.2,0.5
RES|sunk|-2|tool|FACE|true|1.0,0.2,0.75|0.0,-1.0,0.0|1.5,0.2,1.0;0.5,0.2,1.0;0.5,0.2,0.5;1.5,0.2,0.5
RES|sunk|-2|tool|FACE|true|1.9980973490458727,0.24357787137382908,0.7499999999999128|0.08715574274765821,-0.9961946980917455,0.0|2.4961946980917453,0.2871557427476582,0.9999999999998257;1.5,0.2,1.0;1.5,0.2,0.5;2.4961946980917453,0.2871557427476582,0.4999999999998257
RES|sunk|-2|tool|FACE|true|1.9961946980917453,0.2871557427476582,0.7499999999998257|0.0,1.0,0.0|1.4961946980917455,0.2871557427476582,0.9999999999998257;2.4961946980917453,0.2871557427476582,0.9999999999998257;2.4961946980917453,0.2871557427476582,0.4999999999998257;1.4961946980917455,0.2871557427476582,0.4999999999998257
RES|sunk|-2|tool|FACE|true|0.9980973490458727,0.2435778713738291,0.7499999999999128|-0.0871557427476582,0.9961946980917455,0.0|0.5,0.2,1.0;1.4961946980917455,0.2871557427476582,0.9999999999998257;1.4961946980917455,0.2871557427476582,0.4999999999998257;0.5,0.2,0.5
RES|sunk|-2|OPS|vA=13.5|vB=0.0435778713738291
RES|sunk|-2|union|VERDICT|builds|f64=13.5
RES|sunk|-2|union|FACE|true|1.5,0.25,1.0|0.0,0.0,1.0|0.0,2.5,1.0;0.0,-2.0,1.0;3.0,-2.0,1.0;3.0,2.5,1.0
RES|sunk|-2|union|FACE|true|1.5,0.25,0.0|0.0,0.0,-1.0|0.0,-2.0,0.0;0.0,2.5,0.0;3.0,2.5,0.0;3.0,-2.0,0.0
RES|sunk|-2|union|FACE|true|1.5,-2.0,0.5|0.0,-1.0,0.0|3.0,-2.0,1.0;0.0,-2.0,1.0;0.0,-2.0,0.0;3.0,-2.0,0.0
RES|sunk|-2|union|FACE|true|3.0,0.25,0.5|1.0,0.0,0.0|3.0,2.5,1.0;3.0,-2.0,1.0;3.0,-2.0,0.0;3.0,2.5,0.0
RES|sunk|-2|union|FACE|true|1.5,2.5,0.5|0.0,1.0,0.0|0.0,2.5,1.0;3.0,2.5,1.0;3.0,2.5,0.0;0.0,2.5,0.0
RES|sunk|-2|union|FACE|true|0.0,0.25,0.5|-1.0,0.0,0.0|0.0,-2.0,1.0;0.0,2.5,1.0;0.0,2.5,0.0;0.0,-2.0,0.0
RES|sunk|-2|intersect|VERDICT|refused|ResultVolumeImplausible { which: "vol(A ∩ B) ≤ vol(B)", got: "0.043577871373832004", bound: "0.0435778713738291" }
RES|sunk|-2|AminusB|VERDICT|builds|f64=13.456422128626166
RES|sunk|-2|AminusB|FACE|true|1.5,0.25,1.0|0.0,0.0,1.0|0.0,2.5,1.0;0.0,-2.0,1.0;3.0,-2.0,1.0;3.0,2.5,1.0#1.4961946980917455,0.2871557427476582,0.9999999999998257;2.4961946980917453,0.2871557427476582,0.9999999999998257;1.5,0.2,1.0;0.5,0.2,1.0
RES|sunk|-2|AminusB|FACE|true|1.5,0.25,0.0|0.0,0.0,-1.0|0.0,-2.0,0.0;0.0,2.5,0.0;3.0,2.5,0.0;3.0,-2.0,0.0
RES|sunk|-2|AminusB|FACE|true|1.5,-2.0,0.5|0.0,-1.0,0.0|3.0,-2.0,1.0;0.0,-2.0,1.0;0.0,-2.0,0.0;3.0,-2.0,0.0
RES|sunk|-2|AminusB|FACE|true|3.0,0.25,0.5|1.0,0.0,0.0|3.0,2.5,1.0;3.0,-2.0,1.0;3.0,-2.0,0.0;3.0,2.5,0.0
RES|sunk|-2|AminusB|FACE|true|1.5,2.5,0.5|0.0,1.0,0.0|0.0,2.5,1.0;3.0,2.5,1.0;3.0,2.5,0.0;0.0,2.5,0.0
RES|sunk|-2|AminusB|FACE|true|0.0,0.25,0.5|-1.0,0.0,0.0|0.0,-2.0,1.0;0.0,2.5,1.0;0.0,2.5,0.0;0.0,-2.0,0.0
RES|sunk|-2|AminusB|FACE|true|1.0,0.2,0.75|-0.0,1.0,-0.0|1.5,0.2,1.0;1.5,0.2,0.5;0.5,0.2,0.5;0.5,0.2,1.0
RES|sunk|-2|AminusB|FACE|true|1.4980973490458727,0.24357787137382908,0.49999999999991285|-0.0,1.999925757856421e-12,1.0|0.5,0.2,0.5;1.5,0.2,0.5;2.4961946980917453,0.2871557427476582,0.4999999999998257;1.4961946980917455,0.2871557427476582,0.4999999999998257
RES|sunk|-2|AminusB|FACE|true|1.9980973490458727,0.24357787137382908,0.7499999999999128|-0.08715574274765821,0.9961946980917455,-0.0|2.4961946980917453,0.2871557427476582,0.9999999999998257;2.4961946980917453,0.2871557427476582,0.4999999999998257;1.5,0.2,0.5;1.5,0.2,1.0
RES|sunk|-2|AminusB|FACE|true|1.9961946980917453,0.2871557427476582,0.7499999999998257|-0.0,-1.0,-0.0|1.4961946980917455,0.2871557427476582,0.9999999999998257;1.4961946980917455,0.2871557427476582,0.4999999999998257;2.4961946980917453,0.2871557427476582,0.4999999999998257;2.4961946980917453,0.2871557427476582,0.9999999999998257
RES|sunk|-2|AminusB|FACE|true|0.9980973490458727,0.2435778713738291,0.7499999999999128|0.0871557427476582,-0.9961946980917455,-0.0|0.5,0.2,1.0;0.5,0.2,0.5;1.4961946980917455,0.2871557427476582,0.4999999999998257;1.4961946980917455,0.2871557427476582,0.9999999999998257
RES|sunk|-2|BminusA|VERDICT|empty
