# In-binary A/B, head d163719c9 + temporary CAD_S65_SKIP/CAD_S65_CHECK switch (reverted), release profile, 40 reps/row, min over rounds, tour corpus, tessellate end to end

tag=def  rounds per mode: none=4, seam=4, chord=4, both=4, check=4
body         d         tris  today_us  +seam%  +chord%  +both%  +check% chk/tess% noise(none)%
ball         0.1        116      67.6    -0.3      1.8    20.9     25.6      11.7         40.7
ball         0.02       620     390.2    23.2     15.5    28.8     39.1      25.0         20.1
ball         0.004     3012    1629.7     8.8     -0.3    12.7     50.4      33.5          9.5
cone         0.1         52      33.8    -3.2      5.3     0.0     13.6       8.8         24.3
cone         0.02       224     113.5     0.5      5.5     4.1     34.4      14.2         31.7
cone         0.004     1156     605.7    14.3      8.5    20.8     36.5      31.1         15.0
l_prism      0.1         20      28.2    22.6     20.5    34.3    -16.0       3.2         20.2
l_prism      0.02        20      26.6    17.7     10.4    28.5    -13.2       4.2          8.6
l_prism      0.004       20      23.4     3.5      6.4    13.6     -0.4       2.6         97.9
washer       0.1        100     102.0     7.6     10.4    23.9     12.3       5.7         32.6
washer       0.02       220     343.6     4.6     15.2    19.6      5.7       4.9         14.1
washer       0.004      484     871.4    -2.8     14.9    13.1      3.9       5.2         22.3
donut        0.1      14620   10662.9     5.0     -7.5    13.3     31.2      29.7         12.0
donut        0.02     71820   57242.8     8.7      0.6    14.0     32.6      30.6          6.2
donut        0.004   356168  384909.1    11.8     -0.4    14.6     24.1      24.6          4.0
sphere_wedge 0.1         46      32.7    11.6      1.9    -0.3      7.6       7.9         22.9
sphere_wedge 0.02       212     115.6    14.5     -0.3    12.9     33.4      13.4         15.6
sphere_wedge 0.004     1014     595.1    11.9      1.2    13.3     38.8      29.7         12.6
wedge        0.1         32      29.2     4.7     13.6    18.2      8.6       5.9         29.1
wedge        0.02        60      49.4     4.2      6.2    15.4      7.9       7.0         22.1
wedge        0.004      128     119.0    10.7     17.2    17.8      9.4       7.6         13.0
cone_wedge   0.1          4       8.1    24.6      9.5    26.6     -9.9       2.2          8.6
cone_wedge   0.02         4       8.2    22.4     28.1    30.2    -13.4       2.1          8.5
cone_wedge   0.004        4       8.2    24.2     28.1    36.7    -11.0       2.1          6.1

tag=e6  rounds per mode: none=1, seam=1, chord=1, both=1, check=1
body         d         tris  today_us  +seam%  +chord%  +both%  +check% chk/tess% noise(none)%
ball         0.1        116      68.0     2.1    -26.2    20.4     14.6      12.6          0.0
ball         0.02       620     331.4    -3.9    -22.1    16.3     56.5      26.5          0.0
ball         0.004     3012    1595.0     9.8    -11.6    13.6     37.9      37.1          0.0
cone         0.1         52      34.6   -12.0    -11.5    24.5     13.6       9.4          0.0
cone         0.02       224     111.9    11.0    -13.8     7.3     33.0      15.4          0.0
cone         0.004     1156     566.2    -2.6    -16.3     4.7     54.4      33.3          0.0
l_prism      0.1         20      22.8   -15.2     -8.1   -39.2      7.5       4.8          0.0
l_prism      0.02        20      22.5   -18.2    -12.8   -10.0      3.6       4.5          0.0
l_prism      0.004       20      22.5   -20.2    -13.1    -6.6     14.7       4.3          0.0
washer       0.1        100      99.4   -19.4    -21.2     1.8     11.8       6.3          0.0
washer       0.02       220     324.8   -12.9    -10.8    -5.9     15.4       6.0          0.0
washer       0.004      484    1003.7     8.3      7.2    17.4    -10.1       6.2          0.0
donut        0.1      14620   12065.8    25.5      1.2    14.8     21.1      32.5          0.0
donut        0.02     71820   59776.6    12.9      4.0    14.1     28.1      29.3          0.0
donut        0.004   356168  381846.6     3.5      2.3     5.6     34.5      25.2          0.0
sphere_wedge 0.1         46      39.5    12.9     27.0    36.7      6.8       9.4          0.0
sphere_wedge 0.02       212     134.1    11.2     16.5    33.2     31.6      14.4          0.0
sphere_wedge 0.004     1014     671.9     9.1     16.6    25.7     40.9      29.9          0.0
wedge        0.1         32      34.7    -8.9     12.3    40.5      4.3       6.2          0.0
wedge        0.02        60      58.8    -8.7     23.5    35.2      7.8       7.2          0.0
wedge        0.004      128     134.8    -7.9     31.3    37.6     14.2       8.6          0.0
cone_wedge   0.1          4       8.3    -6.7      6.4    27.7      1.2       2.3          0.0
cone_wedge   0.02         4       8.9   -16.8     25.4    45.9      1.1       2.0          0.0
cone_wedge   0.004        4       8.1    -8.0     15.7    30.6      6.2       2.1          0.0

tag=e12  rounds per mode: none=1, seam=1, chord=1, both=1, check=1
body         d         tris  today_us  +seam%  +chord%  +both%  +check% chk/tess% noise(none)%
ball         0.1        116      88.4    23.1     20.6    50.1     10.5      15.9          0.0
ball         0.02       620     437.4    16.9      5.1    51.3     15.8      24.8          0.0
ball         0.004     3012    1956.9    20.7     20.5    46.3     12.9      36.6          0.0
cone         0.1         52      43.6    10.1     22.5    22.8     -1.8       8.8          0.0
cone         0.02       224     139.6    15.5     22.8    40.3     24.7      16.3          0.0
cone         0.004     1156     724.7    29.2      8.7    36.6     17.1      32.3          0.0
l_prism      0.1         20      31.0   -10.1     36.6    14.8    -23.2       4.2          0.0
l_prism      0.02        20      26.7     1.5     -0.7     9.4    -12.4       4.4          0.0
l_prism      0.004       20      35.4    45.1     24.6    48.7    -34.7       3.3          0.0
washer       0.1        100     128.4    30.0     21.7    41.4     -9.7       6.0          0.0
washer       0.02       220     419.7    28.0     26.6    32.2     -6.9       6.9          0.0
washer       0.004      484    1011.9    18.1     19.1    36.7     -9.5       6.6          0.0
donut        0.1      14620   11428.5     6.6     -9.8     6.8     28.9      30.2          0.0
donut        0.02     71820   62646.3     6.9     -2.3    19.6     22.4      30.3          0.0
donut        0.004   356168  427726.7    13.8      8.0    19.2     13.9      24.6          0.0
sphere_wedge 0.1         46      43.6     7.4      5.8    27.1     -3.2       7.5          0.0
sphere_wedge 0.02       212     156.0    20.0     11.3    35.1     15.0      13.0          0.0
sphere_wedge 0.004     1014     734.6    13.0     20.2    22.6     29.1      28.6          0.0
wedge        0.1         32      36.4     1.4     40.0    49.2      3.0       8.9          0.0
wedge        0.02        60      63.1     5.2     42.1    47.1      0.3       6.9          0.0
wedge        0.004      128     142.4     5.0     13.6    40.2      5.1       8.6          0.0
cone_wedge   0.1          4       8.3    23.9      6.4    33.9      9.6       2.3          0.0
cone_wedge   0.02         4      11.5    47.4     16.2    85.5    -25.2       1.6          0.0
cone_wedge   0.004        4       8.3   -12.6      7.8    10.7      2.4       2.2          0.0
