case 0 5 4
s -0.9999980000006666 0.0019999986666668357 0.0 1.0 0.0 0.0 0.0 0.0 -1.0 1.0 1.0 -0.9999980000006666 0.0019999986666668357 0.0 1.0 0.0 0.0 1.0 0.0
s -0.6673239993026481 -0.6871025197270563 0.2873478855663454 -0.9999980000006666 0.0019999986666668357 0.0 -0.0007703714729258394 -0.3851852228818196 -0.9228389624421351 1.0 1.0 -0.6673239993026481 -0.6871025197270563 0.2873478855663454 -0.9999980000006666 0.0019999986666668357 0.0 1.0 1.0
s 0.563681838989185 -0.774399107085178 -0.2873478855663454 -0.6673239993026481 -0.6871025197270563 0.2873478855663454 -0.42109416465716787 0.029861827123418613 -0.9065252207040536 1.0 1.0 0.563681838989185 -0.774399107085178 -0.2873478855663454 -0.6673239993026481 -0.6871025197270563 0.2873478855663454 1.0 2.0
s 0.816204392901091 -0.558395468313821 0.14834045293024462 0.563681838989185 -0.774399107085178 -0.2873478855663454 0.5224608193826549 0.6037212706291997 -0.6021256676142195 1.0 1.0 0.816204392901091 -0.558395468313821 0.14834045293024462 0.563681838989185 -0.774399107085178 -0.2873478855663454 1.0 3.0
s 1.0 0.0 0.0 0.816204392901091 -0.558395468313821 0.14834045293024462 0.0 -0.25674954124272364 -0.9664779734022142 1.0 1.0 1.0 0.0 0.0 0.816204392901091 -0.558395468313821 0.14834045293024462 1.0 4.0
p -0.9999980000006666 0.0019999986666668357 0.0 -0.9999980000006666 0.0019999986666668357 0.0
p -0.9999980000006666 0.0019999986666668357 0.0 -0.009999980000006667 1.9999986666668357e-05 0.0
p 1.0 0.0 0.0 1.0 0.0 0.0
p 1.0 0.0 0.0 0.01 0.0 0.0
case 1 5 4
s -0.6673239993026481 -0.6871025197270563 0.2873478855663454 -0.9999980000006666 0.0019999986666668357 0.0 -0.0007703714729258394 -0.3851852228818196 -0.9228389624421351 1.0 1.0 -0.6673239993026481 -0.6871025197270563 0.2873478855663454 -0.9999980000006666 0.0019999986666668357 0.0 1.0 1.0
s 0.563681838989185 -0.774399107085178 -0.2873478855663454 -0.6673239993026481 -0.6871025197270563 0.2873478855663454 -0.42109416465716787 0.029861827123418613 -0.9065252207040536 1.0 1.0 0.563681838989185 -0.774399107085178 -0.2873478855663454 -0.6673239993026481 -0.6871025197270563 0.2873478855663454 1.0 2.0
s 0.816204392901091 -0.558395468313821 0.14834045293024462 0.563681838989185 -0.774399107085178 -0.2873478855663454 0.5224608193826549 0.6037212706291997 -0.6021256676142195 1.0 1.0 0.816204392901091 -0.558395468313821 0.14834045293024462 0.563681838989185 -0.774399107085178 -0.2873478855663454 1.0 3.0
s 1.0 0.0 0.0 0.816204392901091 -0.558395468313821 0.14834045293024462 0.0 -0.25674954124272364 -0.9664779734022142 1.0 1.0 1.0 0.0 0.0 0.816204392901091 -0.558395468313821 0.14834045293024462 1.0 4.0
s -0.9999980000006666 0.0019999986666668357 0.0 1.0 0.0 0.0 0.0 0.0 -1.0 1.0 1.0 -0.9999980000006666 0.0019999986666668357 0.0 1.0 0.0 0.0 1.0 0.0
p -0.9999980000006666 0.0019999986666668357 0.0 -0.9999980000006666 0.0019999986666668357 0.0
p -0.9999980000006666 0.0019999986666668357 0.0 -0.009999980000006667 1.9999986666668357e-05 0.0
p 1.0 0.0 0.0 1.0 0.0 0.0
p 1.0 0.0 0.0 0.01 0.0 0.0
case 2 5 4
s -0.9999980000006666 0.0019999986666668357 0.0 1.0 0.0 0.0 0.0 0.0 -1.0 1.0 1.0 -0.009999980000006667 1.9999986666668357e-05 0.0 0.01 0.0 0.0 0.01 0.0
s -0.6673239993026481 -0.6871025197270563 0.2873478855663454 -0.9999980000006666 0.0019999986666668357 0.0 -0.0007703714729258394 -0.3851852228818196 -0.9228389624421351 1.0 1.0 -0.6673239993026481 -0.6871025197270563 0.2873478855663454 -0.009999980000006667 1.9999986666668357e-05 0.0 0.01 1.0
s 0.563681838989185 -0.774399107085178 -0.2873478855663454 -0.6673239993026481 -0.6871025197270563 0.2873478855663454 -0.42109416465716787 0.029861827123418613 -0.9065252207040536 1.0 1.0 0.563681838989185 -0.774399107085178 -0.2873478855663454 -0.6673239993026481 -0.6871025197270563 0.2873478855663454 1.0 2.0
s 0.816204392901091 -0.558395468313821 0.14834045293024462 0.563681838989185 -0.774399107085178 -0.2873478855663454 0.5224608193826549 0.6037212706291997 -0.6021256676142195 1.0 1.0 0.816204392901091 -0.558395468313821 0.14834045293024462 0.563681838989185 -0.774399107085178 -0.2873478855663454 1.0 3.0
s 1.0 0.0 0.0 0.816204392901091 -0.558395468313821 0.14834045293024462 0.0 -0.25674954124272364 -0.9664779734022142 1.0 1.0 0.01 0.0 0.0 0.816204392901091 -0.558395468313821 0.14834045293024462 0.01 4.0
p -0.9999980000006666 0.0019999986666668357 0.0 -0.9999980000006666 0.0019999986666668357 0.0
p -0.9999980000006666 0.0019999986666668357 0.0 -0.009999980000006667 1.9999986666668357e-05 0.0
p 1.0 0.0 0.0 1.0 0.0 0.0
p 1.0 0.0 0.0 0.01 0.0 0.0
case 3 5 4
s -0.6673239993026481 -0.6871025197270563 0.2873478855663454 -0.9999980000006666 0.0019999986666668357 0.0 -0.0007703714729258394 -0.3851852228818196 -0.9228389624421351 1.0 1.0 -0.6673239993026481 -0.6871025197270563 0.2873478855663454 -0.009999980000006667 1.9999986666668357e-05 0.0 0.01 1.0
s 0.563681838989185 -0.774399107085178 -0.2873478855663454 -0.6673239993026481 -0.6871025197270563 0.2873478855663454 -0.42109416465716787 0.029861827123418613 -0.9065252207040536 1.0 1.0 0.563681838989185 -0.774399107085178 -0.2873478855663454 -0.6673239993026481 -0.6871025197270563 0.2873478855663454 1.0 2.0
s 0.816204392901091 -0.558395468313821 0.14834045293024462 0.563681838989185 -0.774399107085178 -0.2873478855663454 0.5224608193826549 0.6037212706291997 -0.6021256676142195 1.0 1.0 0.816204392901091 -0.558395468313821 0.14834045293024462 0.563681838989185 -0.774399107085178 -0.2873478855663454 1.0 3.0
s 1.0 0.0 0.0 0.816204392901091 -0.558395468313821 0.14834045293024462 0.0 -0.25674954124272364 -0.9664779734022142 1.0 1.0 0.01 0.0 0.0 0.816204392901091 -0.558395468313821 0.14834045293024462 0.01 4.0
s -0.9999980000006666 0.0019999986666668357 0.0 1.0 0.0 0.0 0.0 0.0 -1.0 1.0 1.0 -0.009999980000006667 1.9999986666668357e-05 0.0 0.01 0.0 0.0 0.01 0.0
p -0.9999980000006666 0.0019999986666668357 0.0 -0.9999980000006666 0.0019999986666668357 0.0
p -0.9999980000006666 0.0019999986666668357 0.0 -0.009999980000006667 1.9999986666668357e-05 0.0
p 1.0 0.0 0.0 1.0 0.0 0.0
p 1.0 0.0 0.0 0.01 0.0 0.0
case 4 5 4
s -0.9999999800000001 0.00019999999866676711 0.0 1.0 0.0 0.0 0.0 0.0 -1.0 1.0 1.0 -0.9999999800000001 0.00019999999866676711 0.0 1.0 0.0 0.0 1.0 0.0
s -0.6673239993026481 -0.6871025197270563 0.2873478855663454 -0.9999999800000001 0.00019999999866676711 0.0 -7.715169521542465e-05 -0.38575847093348314 -0.922599802813049 1.0 1.0 -0.6673239993026481 -0.6871025197270563 0.2873478855663454 -0.9999999800000001 0.00019999999866676711 0.0 1.0 1.0
s 0.563681838989185 -0.774399107085178 -0.2873478855663454 -0.6673239993026481 -0.6871025197270563 0.2873478855663454 -0.42109416465716787 0.029861827123418613 -0.9065252207040536 1.0 1.0 0.563681838989185 -0.774399107085178 -0.2873478855663454 -0.6673239993026481 -0.6871025197270563 0.2873478855663454 1.0 2.0
s 0.816204392901091 -0.558395468313821 0.14834045293024462 0.563681838989185 -0.774399107085178 -0.2873478855663454 0.5224608193826549 0.6037212706291997 -0.6021256676142195 1.0 1.0 0.816204392901091 -0.558395468313821 0.14834045293024462 0.563681838989185 -0.774399107085178 -0.2873478855663454 1.0 3.0
s 1.0 0.0 0.0 0.816204392901091 -0.558395468313821 0.14834045293024462 0.0 -0.25674954124272364 -0.9664779734022142 1.0 1.0 1.0 0.0 0.0 0.816204392901091 -0.558395468313821 0.14834045293024462 1.0 4.0
p -0.9999999800000001 0.00019999999866676711 0.0 -0.9999999800000001 0.00019999999866676711 0.0
p -0.9999999800000001 0.00019999999866676711 0.0 -0.009999999800000001 1.9999999866676713e-06 0.0
p 1.0 0.0 0.0 1.0 0.0 0.0
p 1.0 0.0 0.0 0.01 0.0 0.0
case 5 5 4
s -0.6673239993026481 -0.6871025197270563 0.2873478855663454 -0.9999999800000001 0.00019999999866676711 0.0 -7.715169521542465e-05 -0.38575847093348314 -0.922599802813049 1.0 1.0 -0.6673239993026481 -0.6871025197270563 0.2873478855663454 -0.9999999800000001 0.00019999999866676711 0.0 1.0 1.0
s 0.563681838989185 -0.774399107085178 -0.2873478855663454 -0.6673239993026481 -0.6871025197270563 0.2873478855663454 -0.42109416465716787 0.029861827123418613 -0.9065252207040536 1.0 1.0 0.563681838989185 -0.774399107085178 -0.2873478855663454 -0.6673239993026481 -0.6871025197270563 0.2873478855663454 1.0 2.0
s 0.816204392901091 -0.558395468313821 0.14834045293024462 0.563681838989185 -0.774399107085178 -0.2873478855663454 0.5224608193826549 0.6037212706291997 -0.6021256676142195 1.0 1.0 0.816204392901091 -0.558395468313821 0.14834045293024462 0.563681838989185 -0.774399107085178 -0.2873478855663454 1.0 3.0
s 1.0 0.0 0.0 0.816204392901091 -0.558395468313821 0.14834045293024462 0.0 -0.25674954124272364 -0.9664779734022142 1.0 1.0 1.0 0.0 0.0 0.816204392901091 -0.558395468313821 0.14834045293024462 1.0 4.0
s -0.9999999800000001 0.00019999999866676711 0.0 1.0 0.0 0.0 0.0 0.0 -1.0 1.0 1.0 -0.9999999800000001 0.00019999999866676711 0.0 1.0 0.0 0.0 1.0 0.0
p -0.9999999800000001 0.00019999999866676711 0.0 -0.9999999800000001 0.00019999999866676711 0.0
p -0.9999999800000001 0.00019999999866676711 0.0 -0.009999999800000001 1.9999999866676713e-06 0.0
p 1.0 0.0 0.0 1.0 0.0 0.0
p 1.0 0.0 0.0 0.01 0.0 0.0
case 6 5 4
s -0.9999999800000001 0.00019999999866676711 0.0 1.0 0.0 0.0 0.0 0.0 -1.0 1.0 1.0 -0.009999999800000001 1.9999999866676713e-06 0.0 0.01 0.0 0.0 0.01 0.0
s -0.6673239993026481 -0.6871025197270563 0.2873478855663454 -0.9999999800000001 0.00019999999866676711 0.0 -7.715169521542465e-05 -0.38575847093348314 -0.922599802813049 1.0 1.0 -0.6673239993026481 -0.6871025197270563 0.2873478855663454 -0.009999999800000001 1.9999999866676713e-06 0.0 0.01 1.0
s 0.563681838989185 -0.774399107085178 -0.2873478855663454 -0.6673239993026481 -0.6871025197270563 0.2873478855663454 -0.42109416465716787 0.029861827123418613 -0.9065252207040536 1.0 1.0 0.563681838989185 -0.774399107085178 -0.2873478855663454 -0.6673239993026481 -0.6871025197270563 0.2873478855663454 1.0 2.0
s 0.816204392901091 -0.558395468313821 0.14834045293024462 0.563681838989185 -0.774399107085178 -0.2873478855663454 0.5224608193826549 0.6037212706291997 -0.6021256676142195 1.0 1.0 0.816204392901091 -0.558395468313821 0.14834045293024462 0.563681838989185 -0.774399107085178 -0.2873478855663454 1.0 3.0
s 1.0 0.0 0.0 0.816204392901091 -0.558395468313821 0.14834045293024462 0.0 -0.25674954124272364 -0.9664779734022142 1.0 1.0 0.01 0.0 0.0 0.816204392901091 -0.558395468313821 0.14834045293024462 0.01 4.0
p -0.9999999800000001 0.00019999999866676711 0.0 -0.9999999800000001 0.00019999999866676711 0.0
p -0.9999999800000001 0.00019999999866676711 0.0 -0.009999999800000001 1.9999999866676713e-06 0.0
p 1.0 0.0 0.0 1.0 0.0 0.0
p 1.0 0.0 0.0 0.01 0.0 0.0
case 7 5 4
s -0.6673239993026481 -0.6871025197270563 0.2873478855663454 -0.9999999800000001 0.00019999999866676711 0.0 -7.715169521542465e-05 -0.38575847093348314 -0.922599802813049 1.0 1.0 -0.6673239993026481 -0.6871025197270563 0.2873478855663454 -0.009999999800000001 1.9999999866676713e-06 0.0 0.01 1.0
s 0.563681838989185 -0.774399107085178 -0.2873478855663454 -0.6673239993026481 -0.6871025197270563 0.2873478855663454 -0.42109416465716787 0.029861827123418613 -0.9065252207040536 1.0 1.0 0.563681838989185 -0.774399107085178 -0.2873478855663454 -0.6673239993026481 -0.6871025197270563 0.2873478855663454 1.0 2.0
s 0.816204392901091 -0.558395468313821 0.14834045293024462 0.563681838989185 -0.774399107085178 -0.2873478855663454 0.5224608193826549 0.6037212706291997 -0.6021256676142195 1.0 1.0 0.816204392901091 -0.558395468313821 0.14834045293024462 0.563681838989185 -0.774399107085178 -0.2873478855663454 1.0 3.0
s 1.0 0.0 0.0 0.816204392901091 -0.558395468313821 0.14834045293024462 0.0 -0.25674954124272364 -0.9664779734022142 1.0 1.0 0.01 0.0 0.0 0.816204392901091 -0.558395468313821 0.14834045293024462 0.01 4.0
s -0.9999999800000001 0.00019999999866676711 0.0 1.0 0.0 0.0 0.0 0.0 -1.0 1.0 1.0 -0.009999999800000001 1.9999999866676713e-06 0.0 0.01 0.0 0.0 0.01 0.0
p -0.9999999800000001 0.00019999999866676711 0.0 -0.9999999800000001 0.00019999999866676711 0.0
p -0.9999999800000001 0.00019999999866676711 0.0 -0.009999999800000001 1.9999999866676713e-06 0.0
p 1.0 0.0 0.0 1.0 0.0 0.0
p 1.0 0.0 0.0 0.01 0.0 0.0
case 8 5 4
s -0.9999999982000001 5.999999996407145e-05 0.0 1.0 0.0 0.0 0.0 0.0 -1.0 1.0 1.0 -0.9999999982000001 5.999999996407145e-05 0.0 1.0 0.0 0.0 1.0 0.0
s -0.6673239993026481 -0.6871025197270563 0.2873478855663454 -0.9999999982000001 5.999999996407145e-05 0.0 -2.3148186886889017e-05 -0.3858031143180605 -0.9225811381372627 1.0 1.0 -0.6673239993026481 -0.6871025197270563 0.2873478855663454 -0.9999999982000001 5.999999996407145e-05 0.0 1.0 1.0
s 0.563681838989185 -0.774399107085178 -0.2873478855663454 -0.6673239993026481 -0.6871025197270563 0.2873478855663454 -0.42109416465716787 0.029861827123418613 -0.9065252207040536 1.0 1.0 0.563681838989185 -0.774399107085178 -0.2873478855663454 -0.6673239993026481 -0.6871025197270563 0.2873478855663454 1.0 2.0
s 0.816204392901091 -0.558395468313821 0.14834045293024462 0.563681838989185 -0.774399107085178 -0.2873478855663454 0.5224608193826549 0.6037212706291997 -0.6021256676142195 1.0 1.0 0.816204392901091 -0.558395468313821 0.14834045293024462 0.563681838989185 -0.774399107085178 -0.2873478855663454 1.0 3.0
s 1.0 0.0 0.0 0.816204392901091 -0.558395468313821 0.14834045293024462 0.0 -0.25674954124272364 -0.9664779734022142 1.0 1.0 1.0 0.0 0.0 0.816204392901091 -0.558395468313821 0.14834045293024462 1.0 4.0
p -0.9999999982000001 5.999999996407145e-05 0.0 -0.9999999982000001 5.999999996407145e-05 0.0
p -0.9999999982000001 5.999999996407145e-05 0.0 -0.009999999982000001 5.999999996407145e-07 0.0
p 1.0 0.0 0.0 1.0 0.0 0.0
p 1.0 0.0 0.0 0.01 0.0 0.0
case 9 5 4
s -0.6673239993026481 -0.6871025197270563 0.2873478855663454 -0.9999999982000001 5.999999996407145e-05 0.0 -2.3148186886889017e-05 -0.3858031143180605 -0.9225811381372627 1.0 1.0 -0.6673239993026481 -0.6871025197270563 0.2873478855663454 -0.9999999982000001 5.999999996407145e-05 0.0 1.0 1.0
s 0.563681838989185 -0.774399107085178 -0.2873478855663454 -0.6673239993026481 -0.6871025197270563 0.2873478855663454 -0.42109416465716787 0.029861827123418613 -0.9065252207040536 1.0 1.0 0.563681838989185 -0.774399107085178 -0.2873478855663454 -0.6673239993026481 -0.6871025197270563 0.2873478855663454 1.0 2.0
s 0.816204392901091 -0.558395468313821 0.14834045293024462 0.563681838989185 -0.774399107085178 -0.2873478855663454 0.5224608193826549 0.6037212706291997 -0.6021256676142195 1.0 1.0 0.816204392901091 -0.558395468313821 0.14834045293024462 0.563681838989185 -0.774399107085178 -0.2873478855663454 1.0 3.0
s 1.0 0.0 0.0 0.816204392901091 -0.558395468313821 0.14834045293024462 0.0 -0.25674954124272364 -0.9664779734022142 1.0 1.0 1.0 0.0 0.0 0.816204392901091 -0.558395468313821 0.14834045293024462 1.0 4.0
s -0.9999999982000001 5.999999996407145e-05 0.0 1.0 0.0 0.0 0.0 0.0 -1.0 1.0 1.0 -0.9999999982000001 5.999999996407145e-05 0.0 1.0 0.0 0.0 1.0 0.0
p -0.9999999982000001 5.999999996407145e-05 0.0 -0.9999999982000001 5.999999996407145e-05 0.0
p -0.9999999982000001 5.999999996407145e-05 0.0 -0.009999999982000001 5.999999996407145e-07 0.0
p 1.0 0.0 0.0 1.0 0.0 0.0
p 1.0 0.0 0.0 0.01 0.0 0.0
case 10 5 4
s -0.9999999982000001 5.999999996407145e-05 0.0 1.0 0.0 0.0 0.0 0.0 -1.0 1.0 1.0 -0.009999999982000001 5.999999996407145e-07 0.0 0.01 0.0 0.0 0.01 0.0
s -0.6673239993026481 -0.6871025197270563 0.2873478855663454 -0.9999999982000001 5.999999996407145e-05 0.0 -2.3148186886889017e-05 -0.3858031143180605 -0.9225811381372627 1.0 1.0 -0.6673239993026481 -0.6871025197270563 0.2873478855663454 -0.009999999982000001 5.999999996407145e-07 0.0 0.01 1.0
s 0.563681838989185 -0.774399107085178 -0.2873478855663454 -0.6673239993026481 -0.6871025197270563 0.2873478855663454 -0.42109416465716787 0.029861827123418613 -0.9065252207040536 1.0 1.0 0.563681838989185 -0.774399107085178 -0.2873478855663454 -0.6673239993026481 -0.6871025197270563 0.2873478855663454 1.0 2.0
s 0.816204392901091 -0.558395468313821 0.14834045293024462 0.563681838989185 -0.774399107085178 -0.2873478855663454 0.5224608193826549 0.6037212706291997 -0.6021256676142195 1.0 1.0 0.816204392901091 -0.558395468313821 0.14834045293024462 0.563681838989185 -0.774399107085178 -0.2873478855663454 1.0 3.0
s 1.0 0.0 0.0 0.816204392901091 -0.558395468313821 0.14834045293024462 0.0 -0.25674954124272364 -0.9664779734022142 1.0 1.0 0.01 0.0 0.0 0.816204392901091 -0.558395468313821 0.14834045293024462 0.01 4.0
p -0.9999999982000001 5.999999996407145e-05 0.0 -0.9999999982000001 5.999999996407145e-05 0.0
p -0.9999999982000001 5.999999996407145e-05 0.0 -0.009999999982000001 5.999999996407145e-07 0.0
p 1.0 0.0 0.0 1.0 0.0 0.0
p 1.0 0.0 0.0 0.01 0.0 0.0
case 11 5 4
s -0.6673239993026481 -0.6871025197270563 0.2873478855663454 -0.9999999982000001 5.999999996407145e-05 0.0 -2.3148186886889017e-05 -0.3858031143180605 -0.9225811381372627 1.0 1.0 -0.6673239993026481 -0.6871025197270563 0.2873478855663454 -0.009999999982000001 5.999999996407145e-07 0.0 0.01 1.0
s 0.563681838989185 -0.774399107085178 -0.2873478855663454 -0.6673239993026481 -0.6871025197270563 0.2873478855663454 -0.42109416465716787 0.029861827123418613 -0.9065252207040536 1.0 1.0 0.563681838989185 -0.774399107085178 -0.2873478855663454 -0.6673239993026481 -0.6871025197270563 0.2873478855663454 1.0 2.0
s 0.816204392901091 -0.558395468313821 0.14834045293024462 0.563681838989185 -0.774399107085178 -0.2873478855663454 0.5224608193826549 0.6037212706291997 -0.6021256676142195 1.0 1.0 0.816204392901091 -0.558395468313821 0.14834045293024462 0.563681838989185 -0.774399107085178 -0.2873478855663454 1.0 3.0
s 1.0 0.0 0.0 0.816204392901091 -0.558395468313821 0.14834045293024462 0.0 -0.25674954124272364 -0.9664779734022142 1.0 1.0 0.01 0.0 0.0 0.816204392901091 -0.558395468313821 0.14834045293024462 0.01 4.0
s -0.9999999982000001 5.999999996407145e-05 0.0 1.0 0.0 0.0 0.0 0.0 -1.0 1.0 1.0 -0.009999999982000001 5.999999996407145e-07 0.0 0.01 0.0 0.0 0.01 0.0
p -0.9999999982000001 5.999999996407145e-05 0.0 -0.9999999982000001 5.999999996407145e-05 0.0
p -0.9999999982000001 5.999999996407145e-05 0.0 -0.009999999982000001 5.999999996407145e-07 0.0
p 1.0 0.0 0.0 1.0 0.0 0.0
p 1.0 0.0 0.0 0.01 0.0 0.0
case 12 5 4
s -0.9999999998 1.9999999998920157e-05 0.0 1.0 0.0 0.0 0.0 0.0 -1.0 1.0 1.0 -0.9999999998 1.9999999998920157e-05 0.0 1.0 0.0 0.0 1.0 0.0
s -0.6673239993026481 -0.6871025197270563 0.2873478855663454 -0.9999999998 1.9999999998920157e-05 0.0 -7.71631742304459e-06 -0.38581587109589743 -0.9225758036882239 1.0 1.0 -0.6673239993026481 -0.6871025197270563 0.2873478855663454 -0.9999999998 1.9999999998920157e-05 0.0 1.0 1.0
s 0.563681838989185 -0.774399107085178 -0.2873478855663454 -0.6673239993026481 -0.6871025197270563 0.2873478855663454 -0.42109416465716787 0.029861827123418613 -0.9065252207040536 1.0 1.0 0.563681838989185 -0.774399107085178 -0.2873478855663454 -0.6673239993026481 -0.6871025197270563 0.2873478855663454 1.0 2.0
s 0.816204392901091 -0.558395468313821 0.14834045293024462 0.563681838989185 -0.774399107085178 -0.2873478855663454 0.5224608193826549 0.6037212706291997 -0.6021256676142195 1.0 1.0 0.816204392901091 -0.558395468313821 0.14834045293024462 0.563681838989185 -0.774399107085178 -0.2873478855663454 1.0 3.0
s 1.0 0.0 0.0 0.816204392901091 -0.558395468313821 0.14834045293024462 0.0 -0.25674954124272364 -0.9664779734022142 1.0 1.0 1.0 0.0 0.0 0.816204392901091 -0.558395468313821 0.14834045293024462 1.0 4.0
p -0.9999999998 1.9999999998920157e-05 0.0 -0.9999999998 1.9999999998920157e-05 0.0
p -0.9999999998 1.9999999998920157e-05 0.0 -0.009999999998 1.9999999998920156e-07 0.0
p 1.0 0.0 0.0 1.0 0.0 0.0
p 1.0 0.0 0.0 0.01 0.0 0.0
case 13 5 4
s -0.6673239993026481 -0.6871025197270563 0.2873478855663454 -0.9999999998 1.9999999998920157e-05 0.0 -7.71631742304459e-06 -0.38581587109589743 -0.9225758036882239 1.0 1.0 -0.6673239993026481 -0.6871025197270563 0.2873478855663454 -0.9999999998 1.9999999998920157e-05 0.0 1.0 1.0
s 0.563681838989185 -0.774399107085178 -0.2873478855663454 -0.6673239993026481 -0.6871025197270563 0.2873478855663454 -0.42109416465716787 0.029861827123418613 -0.9065252207040536 1.0 1.0 0.563681838989185 -0.774399107085178 -0.2873478855663454 -0.6673239993026481 -0.6871025197270563 0.2873478855663454 1.0 2.0
s 0.816204392901091 -0.558395468313821 0.14834045293024462 0.563681838989185 -0.774399107085178 -0.2873478855663454 0.5224608193826549 0.6037212706291997 -0.6021256676142195 1.0 1.0 0.816204392901091 -0.558395468313821 0.14834045293024462 0.563681838989185 -0.774399107085178 -0.2873478855663454 1.0 3.0
s 1.0 0.0 0.0 0.816204392901091 -0.558395468313821 0.14834045293024462 0.0 -0.25674954124272364 -0.9664779734022142 1.0 1.0 1.0 0.0 0.0 0.816204392901091 -0.558395468313821 0.14834045293024462 1.0 4.0
s -0.9999999998 1.9999999998920157e-05 0.0 1.0 0.0 0.0 0.0 0.0 -1.0 1.0 1.0 -0.9999999998 1.9999999998920157e-05 0.0 1.0 0.0 0.0 1.0 0.0
p -0.9999999998 1.9999999998920157e-05 0.0 -0.9999999998 1.9999999998920157e-05 0.0
p -0.9999999998 1.9999999998920157e-05 0.0 -0.009999999998 1.9999999998920156e-07 0.0
p 1.0 0.0 0.0 1.0 0.0 0.0
p 1.0 0.0 0.0 0.01 0.0 0.0
case 14 5 4
s -0.9999999998 1.9999999998920157e-05 0.0 1.0 0.0 0.0 0.0 0.0 -1.0 1.0 1.0 -0.009999999998 1.9999999998920156e-07 0.0 0.01 0.0 0.0 0.01 0.0
s -0.6673239993026481 -0.6871025197270563 0.2873478855663454 -0.9999999998 1.9999999998920157e-05 0.0 -7.71631742304459e-06 -0.38581587109589743 -0.9225758036882239 1.0 1.0 -0.6673239993026481 -0.6871025197270563 0.2873478855663454 -0.009999999998 1.9999999998920156e-07 0.0 0.01 1.0
s 0.563681838989185 -0.774399107085178 -0.2873478855663454 -0.6673239993026481 -0.6871025197270563 0.2873478855663454 -0.42109416465716787 0.029861827123418613 -0.9065252207040536 1.0 1.0 0.563681838989185 -0.774399107085178 -0.2873478855663454 -0.6673239993026481 -0.6871025197270563 0.2873478855663454 1.0 2.0
s 0.816204392901091 -0.558395468313821 0.14834045293024462 0.563681838989185 -0.774399107085178 -0.2873478855663454 0.5224608193826549 0.6037212706291997 -0.6021256676142195 1.0 1.0 0.816204392901091 -0.558395468313821 0.14834045293024462 0.563681838989185 -0.774399107085178 -0.2873478855663454 1.0 3.0
s 1.0 0.0 0.0 0.816204392901091 -0.558395468313821 0.14834045293024462 0.0 -0.25674954124272364 -0.9664779734022142 1.0 1.0 0.01 0.0 0.0 0.816204392901091 -0.558395468313821 0.14834045293024462 0.01 4.0
p -0.9999999998 1.9999999998920157e-05 0.0 -0.9999999998 1.9999999998920157e-05 0.0
p -0.9999999998 1.9999999998920157e-05 0.0 -0.009999999998 1.9999999998920156e-07 0.0
p 1.0 0.0 0.0 1.0 0.0 0.0
p 1.0 0.0 0.0 0.01 0.0 0.0
case 15 5 4
s -0.6673239993026481 -0.6871025197270563 0.2873478855663454 -0.9999999998 1.9999999998920157e-05 0.0 -7.71631742304459e-06 -0.38581587109589743 -0.9225758036882239 1.0 1.0 -0.6673239993026481 -0.6871025197270563 0.2873478855663454 -0.009999999998 1.9999999998920156e-07 0.0 0.01 1.0
s 0.563681838989185 -0.774399107085178 -0.2873478855663454 -0.6673239993026481 -0.6871025197270563 0.2873478855663454 -0.42109416465716787 0.029861827123418613 -0.9065252207040536 1.0 1.0 0.563681838989185 -0.774399107085178 -0.2873478855663454 -0.6673239993026481 -0.6871025197270563 0.2873478855663454 1.0 2.0
s 0.816204392901091 -0.558395468313821 0.14834045293024462 0.563681838989185 -0.774399107085178 -0.2873478855663454 0.5224608193826549 0.6037212706291997 -0.6021256676142195 1.0 1.0 0.816204392901091 -0.558395468313821 0.14834045293024462 0.563681838989185 -0.774399107085178 -0.2873478855663454 1.0 3.0
s 1.0 0.0 0.0 0.816204392901091 -0.558395468313821 0.14834045293024462 0.0 -0.25674954124272364 -0.9664779734022142 1.0 1.0 0.01 0.0 0.0 0.816204392901091 -0.558395468313821 0.14834045293024462 0.01 4.0
s -0.9999999998 1.9999999998920157e-05 0.0 1.0 0.0 0.0 0.0 0.0 -1.0 1.0 1.0 -0.009999999998 1.9999999998920156e-07 0.0 0.01 0.0 0.0 0.01 0.0
p -0.9999999998 1.9999999998920157e-05 0.0 -0.9999999998 1.9999999998920157e-05 0.0
p -0.9999999998 1.9999999998920157e-05 0.0 -0.009999999998 1.9999999998920156e-07 0.0
p 1.0 0.0 0.0 1.0 0.0 0.0
p 1.0 0.0 0.0 0.01 0.0 0.0
